Bruker Nano GmbH Berlin, Germany
Esprit 1.9

Date: 25/10/2017 12:28:13
Real time: 10858
Life time: 10669
Pulse density: 2340

-0.958    0
-0.948    0
-0.938    0
-0.928    0
-0.918    0
-0.908    0
-0.898    0
-0.888    0
-0.878    0
-0.868    0
-0.858    0
-0.848    0
-0.838    0
-0.828    0
-0.818    0
-0.808    0
-0.798    0
-0.788    0
-0.778    0
-0.768    0
-0.758    0
-0.7479    0
-0.7379    0
-0.7279    0
-0.7179    0
-0.7079    0
-0.6979    0
-0.6879    0
-0.6779    0
-0.6679    0
-0.6579    0
-0.6479    0
-0.6379    0
-0.6279    0
-0.6179    0
-0.6079    0
-0.5979    0
-0.5879    0
-0.5779    0
-0.5679    0
-0.5579    0
-0.5479    0
-0.5379    0
-0.5279    0
-0.5179    0
-0.5079    0
-0.4979    0
-0.4879    0
-0.4779    0
-0.4679    0
-0.4579    0
-0.4479    0
-0.4379    0
-0.4279    0
-0.4179    0
-0.4079    0
-0.3979    0
-0.3879    0
-0.3779    0
-0.3679    0
-0.3579    0
-0.3479    0
-0.3379    0
-0.3279    0
-0.3179    0
-0.3079    0
-0.2979    0
-0.2879    0
-0.2779    0
-0.2679    0
-0.2579    0
-0.2478    0
-0.2378    0
-0.2278    0
-0.2178    0
-0.2078    0
-0.1978    0
-0.1878    0
-0.1778    0
-0.1678    0
-0.1578    0
-0.1478    0
-0.1378    0
-0.1278    3
-0.1178    4
-0.1078   10
-0.0978   13
-0.0878   21
-0.0778   37
-0.0678   56
-0.0578   70
-0.0478  110
-0.0378  125
-0.0278  172
-0.0178  210
-0.0078  191
0.0022  199
0.0122  188
0.0222  164
0.0322  162
0.0422  115
0.0522   92
0.0622   78
0.0722   55
0.0822   26
0.0922   21
0.1022   11
0.1122   11
0.1222    4
0.1322    1
0.1422    3
0.1522    0
0.1622    0
0.1722    0
0.1822    0
0.1922    0
0.2022    0
0.2122    0
0.2222    0
0.2322    0
0.2422   17
0.2523  269
0.2623  774
0.2723 1074
0.2823 1110
0.2923 1132
0.3023 1062
0.3123  952
0.3223  788
0.3323  632
0.3423  512
0.3523  364
0.3623  247
0.3723  162
0.3823  122
0.3923  107
0.4023   89
0.4123   77
0.4223   60
0.4323   56
0.4423   71
0.4523   84
0.4623  130
0.4723  113
0.4823  146
0.4923  148
0.5023  176
0.5123  181
0.5223  193
0.5323  227
0.5423  175
0.5523  178
0.5623  183
0.5723  146
0.5823  121
0.5923  106
0.6023   78
0.6123   69
0.6223   68
0.6323   49
0.6423   43
0.6523   53
0.6623   32
0.6723   50
0.6823   38
0.6923   30
0.7023   39
0.7123   35
0.7223   27
0.7323   43
0.7423   41
0.7524   40
0.7624   60
0.7724   49
0.7824   37
0.7924   30
0.8024   38
0.8124   35
0.8224   37
0.8324   53
0.8424   51
0.8524   28
0.8624   39
0.8724   41
0.8824   43
0.8924   46
0.9024   58
0.9124   43
0.9224   39
0.9324   48
0.9424   34
0.9524   51
0.9624   45
0.9724   46
0.9824   41
0.9924   45
1.0024   32
1.0124   47
1.0224   32
1.0324   34
1.0424   42
1.0524   36
1.0624   46
1.0724   48
1.0824   48
1.0924   34
1.1024   40
1.1124   35
1.1224   17
1.1324   24
1.1424   34
1.1524   33
1.1624   32
1.1724   46
1.1824   34
1.1924   37
1.2024   33
1.2124   29
1.2224   28
1.2324   39
1.2424   22
1.2525   37
1.2625   37
1.2725   29
1.2825   29
1.2925   28
1.3025   36
1.3125   33
1.3225   30
1.3325   37
1.3425   30
1.3525   20
1.3625   26
1.3725   28
1.3825   22
1.3925   37
1.4025   38
1.4125   46
1.4225   54
1.4325   49
1.4425   67
1.4525   70
1.4625   89
1.4725   77
1.4825   63
1.4925   96
1.5025  102
1.5125   92
1.5225   91
1.5325   88
1.5425   67
1.5525   70
1.5625   62
1.5725   46
1.5825   36
1.5925   31
1.6025   33
1.6125   38
1.6225   28
1.6325   28
1.6425   28
1.6525   33
1.6625   28
1.6725   41
1.6825   39
1.6925   44
1.7025   52
1.7125   52
1.7225   51
1.7325   66
1.7425   55
1.7526   63
1.7626   56
1.7726   54
1.7826   52
1.7926   59
1.8026   46
1.8126   37
1.8226   35
1.8326   38
1.8426   30
1.8526   25
1.8626   31
1.8726   26
1.8826   18
1.8926   15
1.9026   14
1.9126   20
1.9226   15
1.9326   17
1.9426   23
1.9526   22
1.9626   18
1.9726   17
1.9826   30
1.9926   21
2.0026   21
2.0126   27
2.0226   27
2.0326   21
2.0426   23
2.0526   26
2.0626   28
2.0726   31
2.0826   25
2.0926   28
2.1026   34
2.1126   29
2.1226   32
2.1326   36
2.1426   37
2.1526   30
2.1626   31
2.1726   34
2.1826   46
2.1926   55
2.2026   57
2.2126   76
2.2226   93
2.2326  112
2.2426  121
2.2527  129
2.2627  158
2.2727  233
2.2827  243
2.2927  255
2.3027  303
2.3127  313
2.3227  293
2.3327  277
2.3427  261
2.3527  251
2.3627  238
2.3727  203
2.3827  182
2.3927  157
2.4027  138
2.4127  111
2.4227   93
2.4327   87
2.4427   84
2.4527   85
2.4627   73
2.4727   74
2.4827   55
2.4927   41
2.5027   33
2.5127   37
2.5227   31
2.5327   30
2.5427   39
2.5527   31
2.5627   25
2.5727   27
2.5827   25
2.5927   20
2.6027   19
2.6127   22
2.6227   18
2.6327   17
2.6427   15
2.6527   13
2.6627   14
2.6727   12
2.6827    8
2.6927   10
2.7027   13
2.7127   11
2.7227   11
2.7327    9
2.7427    8
2.7528   11
2.7628   12
2.7728   13
2.7828   13
2.7928   13
2.8028   11
2.8128    8
2.8228   10
2.8328   10
2.8428   11
2.8528   11
2.8628   11
2.8728   10
2.8828   12
2.8928   13
2.9028   13
2.9128   11
2.9228    8
2.9328   11
2.9428    9
2.9528   10
2.9628   10
2.9728   11
2.9828   12
2.9928    9
3.0028   10
3.0128   13
3.0228   13
3.0328   10
3.0428   11
3.0528   10
3.0628    8
3.0728    8
3.0828    9
3.0928   11
3.1028   13
3.1128   13
3.1228   12
3.1328   12
3.1428   13
3.1528   15
3.1628   12
3.1728   13
3.1828   13
3.1928   11
3.2028    8
3.2128    3
3.2228    6
3.2328   11
3.2428   10
3.2529    7
3.2629   11
3.2729   11
3.2829   11
3.2929   11
3.3029   10
3.3129   10
3.3229   12
3.3329   10
3.3429   10
3.3529    9
3.3629    7
3.3729    9
3.3829    6
3.3929    5
3.4029    8
3.4129    9
3.4229    7
3.4329    7
3.4429    8
3.4529    5
3.4629    7
3.4729    7
3.4829    4
3.4929    5
3.5029    6
3.5129   11
3.5229   10
3.5329    6
3.5429    6
3.5529    6
3.5629    6
3.5729    6
3.5829    6
3.5929    7
3.6029    7
3.6129    8
3.6229    9
3.6329    7
3.6429    9
3.6529    6
3.6629    5
3.6729    8
3.6829    8
3.6929    8
3.7029    8
3.7129   10
3.7229    8
3.7329    8
3.7429    8
 3.753    8
 3.763    8
 3.773    8
 3.783    8
 3.793    8
 3.803   10
 3.813    8
 3.823    5
 3.833    6
 3.843    7
 3.853    5
 3.863    4
 3.873    4
 3.883    6
 3.893    7
 3.903    8
 3.913    6
 3.923    6
 3.933    7
 3.943    6
 3.953    6
 3.963    3
 3.973    4
 3.983    6
 3.993    3
 4.003    5
 4.013    5
 4.023    5
 4.033    7
 4.043    8
 4.053    3
 4.063    5
 4.073    4
 4.083    5
 4.093   10
 4.103    7
 4.113    4
 4.123    6
 4.133    5
 4.143    6
 4.153   10
 4.163    8
 4.173    6
 4.183    7
 4.193    7
 4.203    8
 4.213    7
 4.223    9
 4.233    9
 4.243    6
4.2531    6
4.2631    4
4.2731    6
4.2831    8
4.2931    5
4.3031    4
4.3131    4
4.3231    6
4.3331    4
4.3431    2
4.3531    4
4.3631    7
4.3731    7
4.3831    8
4.3931    8
4.4031    6
4.4131    4
4.4231    7
4.4331    8
4.4431    9
4.4531    7
4.4631    5
4.4731    4
4.4831    3
4.4931    5
4.5031    5
4.5131    3
4.5231    3
4.5331    4
4.5431    4
4.5531    4
4.5631    7
4.5731    5
4.5831    5
4.5931    7
4.6031    6
4.6131    3
4.6231    5
4.6331    7
4.6431    3
4.6531    3
4.6631    1
4.6731    3
4.6831    3
4.6931    2
4.7031    3
4.7131    4
4.7231    3
4.7331    4
4.7431    2
4.7532    3
4.7632    3
4.7732    5
4.7832    5
4.7932    3
4.8032    3
4.8132    2
4.8232    5
4.8332    3
4.8432    4
4.8532    4
4.8632    4
4.8732    3
4.8832    1
4.8932    0
4.9032    2
4.9132    4
4.9232    3
4.9332    2
4.9432    3
4.9532    1
4.9632    3
4.9732    2
4.9832    0
4.9932    1
5.0032    0
5.0132    0
5.0232    0
5.0332    1
5.0432    0
5.0532    2
5.0632    1
