-0.958    0
-0.948    0
-0.938    0
-0.928    0
-0.918    0
-0.908    0
-0.898    0
-0.888    0
-0.878    0
-0.868    0
-0.858    0
-0.848    0
-0.838    0
-0.828    0
-0.818    0
-0.808    0
-0.798    0
-0.788    0
-0.778    0
-0.768    0
-0.758    0
-0.7479    0
-0.7379    0
-0.7279    0
-0.7179    0
-0.7079    0
-0.6979    0
-0.6879    0
-0.6779    0
-0.6679    0
-0.6579    0
-0.6479    0
-0.6379    0
-0.6279    0
-0.6179    0
-0.6079    0
-0.5979    0
-0.5879    0
-0.5779    0
-0.5679    0
-0.5579    0
-0.5479    0
-0.5379    0
-0.5279    0
-0.5179    0
-0.5079    0
-0.4979    0
-0.4879    0
-0.4779    0
-0.4679    0
-0.4579    0
-0.4479    0
-0.4379    0
-0.4279    0
-0.4179    0
-0.4079    0
-0.3979    0
-0.3879    0
-0.3779    0
-0.3679    0
-0.3579    0
-0.3479    0
-0.3379    0
-0.3279    0
-0.3179    0
-0.3079    0
-0.2979    0
-0.2879    0
-0.2779    0
-0.2679    0
-0.2579    0
-0.2478    0
-0.2378    0
-0.2278    0
-0.2178    0
-0.2078    0
-0.1978    0
-0.1878    0
-0.1778    0
-0.1678    0
-0.1578    0
-0.1478    1
-0.1378    1
-0.1278    4
-0.1178   10
-0.1078   27
-0.0978   47
-0.0878   74
-0.0778  116
-0.0678  192
-0.0578  241
-0.0478  332
-0.0378  415
-0.0278  555
-0.0178  628
-0.0078  668
0.0022  672
0.0122  702
0.0222  603
0.0322  535
0.0422  475
0.0522  346
0.0622  280
0.0722  183
0.0822  130
0.0922   92
0.1022   46
0.1122   25
0.1222   21
0.1322    5
0.1422    2
0.1522    1
0.1622    0
0.1722    0
0.1822    0
0.1922    0
0.2022    0
0.2122    0
0.2222    0
0.2322    0
0.2422   41
0.2523  648
0.2623 1764
0.2723 2410
0.2823 2464
0.2923 2425
0.3023 2393
0.3123 2169
0.3223 1800
0.3323 1484
0.3423 1162
0.3523  860
0.3623  615
0.3723  456
0.3823  294
0.3923  186
0.4023  146
0.4123  133
0.4223  121
0.4323  137
0.4423  163
0.4523  193
0.4623  247
0.4723  298
0.4823  328
0.4923  417
0.5023  487
0.5123  519
0.5223  579
0.5323  555
0.5423  542
0.5523  532
0.5623  463
0.5723  366
0.5823  306
0.5923  255
0.6023  203
0.6123  171
0.6223  115
0.6323   95
0.6423   81
0.6523   86
0.6623   66
0.6723   59
0.6823   65
0.6923   64
0.7023   60
0.7123   67
0.7223   66
0.7323   46
0.7423   54
0.7524   60
0.7624   55
0.7724   54
0.7824   56
0.7924   63
0.8024   58
0.8124   51
0.8224   65
0.8324   65
0.8424   61
0.8524   58
0.8624   69
0.8724   50
0.8824   65
0.8924   70
0.9024   78
0.9124   85
0.9224   69
0.9324   59
0.9424   73
0.9524   52
0.9624   74
0.9724   57
0.9824   66
0.9924   70
1.0024   74
1.0124   59
1.0224   73
1.0324   80
1.0424   57
1.0524   68
1.0624   58
1.0724   52
1.0824   73
1.0924   66
1.1024   67
1.1124   51
1.1224   50
1.1324   60
1.1424   55
1.1524   45
1.1624   42
1.1724   51
1.1824   51
1.1924   45
1.2024   37
1.2124   53
1.2224   50
1.2324   57
1.2424   32
1.2525   42
1.2625   46
1.2725   46
1.2825   51
1.2925   43
1.3025   47
1.3125   40
1.3225   47
1.3325   46
1.3425   53
1.3525   53
1.3625   43
1.3725   42
1.3825   50
1.3925   58
1.4025   61
1.4125   57
1.4225   75
1.4325   95
1.4425  100
1.4525  109
1.4625  103
1.4725  124
1.4825  132
1.4925  130
1.5025  129
1.5125  145
1.5225  125
1.5325  108
1.5425  104
1.5525  106
1.5625   81
1.5725   69
1.5825   75
1.5925   59
1.6025   40
1.6125   44
1.6225   44
1.6325   38
1.6425   42
1.6525   47
1.6625   55
1.6725   52
1.6825   52
1.6925   63
1.7025   82
1.7125   97
1.7225   86
1.7325   93
1.7425   91
1.7526   92
1.7626  104
1.7726  106
1.7826   87
1.7926   94
1.8026   80
1.8126   65
1.8226   51
1.8326   51
1.8426   44
1.8526   44
1.8626   41
1.8726   36
1.8826   40
1.8926   35
1.9026   21
1.9126   26
1.9226   28
1.9326   31
1.9426   37
1.9526   29
1.9626   28
1.9726   35
1.9826   33
1.9926   33
2.0026   27
2.0126   37
2.0226   35
2.0326   31
2.0426   35
2.0526   34
2.0626   36
2.0726   35
2.0826   38
2.0926   39
2.1026   38
2.1126   39
2.1226   40
2.1326   46
2.1426   43
2.1526   42
2.1626   38
2.1726   45
2.1826   50
2.1926   59
2.2026   66
2.2126   74
2.2226  108
2.2326  122
2.2426  152
2.2527  171
2.2627  191
2.2727  227
2.2827  254
2.2927  256
2.3027  268
2.3127  300
2.3227  284
2.3327  281
2.3427  274
2.3527  255
2.3627  230
2.3727  208
2.3827  182
2.3927  158
2.4027  127
2.4127  125
2.4227  120
2.4327   95
2.4427   85
2.4527   85
2.4627   76
2.4727   62
2.4827   67
2.4927   51
2.5027   55
2.5127   52
2.5227   31
2.5327   32
2.5427   41
2.5527   31
2.5627   32
2.5727   30
2.5827   25
2.5927   21
2.6027   27
2.6127   30
2.6227   24
2.6327   19
2.6427   20
2.6527   16
2.6627   19
2.6727   18
2.6827   20
2.6927   16
2.7027   13
2.7127   19
2.7227   22
2.7327   18
2.7427   18
2.7528   17
2.7628   10
2.7728   10
2.7828   14
2.7928   16
2.8028   16
2.8128   16
2.8228   16
2.8328   15
2.8428   16
2.8528   19
2.8628   17
2.8728   16
2.8828   16
2.8928   16
2.9028   17
2.9128   14
2.9228   10
2.9328   15
2.9428   16
2.9528   13
2.9628   15
2.9728   12
2.9828   13
2.9928   15
3.0028   14
3.0128   16
3.0228   14
3.0328   11
3.0428   13
3.0528   15
3.0628   13
3.0728   14
3.0828   17
3.0928   15
3.1028   13
3.1128   11
3.1228   11
3.1328   13
3.1428   13
3.1528   11
3.1628    8
3.1728   13
3.1828   16
3.1928   10
3.2028   12
3.2128   11
3.2228   10
3.2328   13
3.2428   10
3.2529   14
3.2629   14
3.2729    9
3.2829   12
3.2929   17
3.3029   18
3.3129   17
3.3229   15
3.3329   12
3.3429   11
3.3529   10
3.3629   10
3.3729   13
3.3829   12
3.3929   10
3.4029    9
3.4129   12
3.4229   16
3.4329   14
3.4429   11
3.4529   12
3.4629   13
3.4729   11
3.4829    8
3.4929    7
3.5029   10
3.5129   14
3.5229   11
3.5329   13
3.5429   17
3.5529   15
3.5629   11
3.5729   11
3.5829   13
3.5929   10
3.6029    8
3.6129    9
3.6229   10
3.6329   10
3.6429   10
3.6529   13
3.6629   13
3.6729   10
3.6829   11
3.6929   14
3.7029   12
3.7129   10
3.7229   13
3.7329   10
3.7429    7
 3.753    8
 3.763   10
 3.773    8
 3.783    6
 3.793    8
 3.803    9
 3.813    8
 3.823   10
 3.833    7
 3.843    8
 3.853   10
 3.863    6
 3.873    5
 3.883    8
 3.893   14
 3.903   14
 3.913   10
 3.923   11
 3.933   11
 3.943    8
 3.953   10
 3.963   11
 3.973   11
 3.983   12
 3.993   10
 4.003   14
 4.013   13
 4.023    9
 4.033    7
 4.043    7
 4.053    8
 4.063    7
 4.073    7
 4.083    6
 4.093    6
 4.103   12
 4.113   10
 4.123    8
 4.133    9
 4.143    9
 4.153    6
 4.163    7
 4.173    4
 4.183    4
 4.193    8
 4.203    7
 4.213   11
 4.223   12
 4.233    7
 4.243    6
4.2531   11
4.2631   11
4.2731   10
4.2831    7
4.2931    5
4.3031    9
4.3131    6
4.3231    4
4.3331    8
4.3431    8
4.3531    7
4.3631    9
4.3731    7
4.3831    6
4.3931    5
4.4031    3
4.4131    5
4.4231    5
4.4331    5
4.4431    5
4.4531    7
4.4631    5
4.4731    4
4.4831    6
4.4931    5
4.5031    5
4.5131    6
4.5231    6
4.5331    6
4.5431    5
4.5531    4
4.5631    3
4.5731    7
4.5831    5
4.5931    5
4.6031    6
4.6131    9
4.6231    4
4.6331    6
4.6431    4
4.6531    8
4.6631    6
4.6731    3
4.6831    3
4.6931    5
4.7031    4
4.7131    3
4.7231    4
4.7331    4
4.7431    5
4.7532    4
4.7632    2
4.7732    3
4.7832    3
4.7932    5
4.8032    6
4.8132    8
4.8232    6
4.8332    4
4.8432    4
4.8532    3
4.8632    1
4.8732    3
4.8832    2
4.8932    2
4.9032    1
4.9132    3
4.9232    1
4.9332    0
4.9432    1
4.9532    2
4.9632    0
4.9732    1
4.9832    1
4.9932    0
5.0032    0
5.0132    0
5.0232    0
5.0332    0
5.0432    0
5.0532    0
5.0632    0
5.0732    1
5.0832    0
5.0932    0
5.1032    0
5.1132    0
5.1232    1
