-0.958   0
-0.948   0
-0.938   0
-0.928   0
-0.918   0
-0.908   0
-0.898   0
-0.888   0
-0.878   0
-0.868   0
-0.858   0
-0.848   0
-0.838   0
-0.828   0
-0.818   0
-0.808   0
-0.798   0
-0.788   0
-0.778   0
-0.768   0
-0.758   0
-0.7479   0
-0.7379   0
-0.7279   0
-0.7179   0
-0.7079   0
-0.6979   0
-0.6879   0
-0.6779   0
-0.6679   0
-0.6579   0
-0.6479   0
-0.6379   0
-0.6279   0
-0.6179   0
-0.6079   0
-0.5979   0
-0.5879   0
-0.5779   0
-0.5679   0
-0.5579   0
-0.5479   0
-0.5379   0
-0.5279   0
-0.5179   0
-0.5079   0
-0.4979   0
-0.4879   0
-0.4779   0
-0.4679   0
-0.4579   0
-0.4479   0
-0.4379   0
-0.4279   0
-0.4179   0
-0.4079   0
-0.3979   0
-0.3879   0
-0.3779   0
-0.3679   0
-0.3579   0
-0.3479   0
-0.3379   0
-0.3279   0
-0.3179   0
-0.3079   0
-0.2979   0
-0.2879   0
-0.2779   0
-0.2679   0
-0.2579   0
-0.2478   0
-0.2378   0
-0.2278   0
-0.2178   0
-0.2078   0
-0.1978   0
-0.1878   0
-0.1778   0
-0.1678   1
-0.1578   0
-0.1478   2
-0.1378   0
-0.1278   0
-0.1178   3
-0.1078   7
-0.0978   4
-0.0878  16
-0.0778  20
-0.0678  33
-0.0578  35
-0.0478  75
-0.0378  77
-0.0278 102
-0.0178 111
-0.0078 109
0.0022 124
0.0122 124
0.0222 108
0.0322  87
0.0422  75
0.0522  63
0.0622  44
0.0722  40
0.0822  21
0.0922  10
0.1022   6
0.1122   1
0.1222   2
0.1322   2
0.1422   1
0.1522   0
0.1622   0
0.1722   0
0.1822   0
0.1922   0
0.2022   0
0.2122   0
0.2222   0
0.2322   0
0.2422  13
0.2523 206
0.2623 587
0.2723 905
0.2823 960
0.2923 891
0.3023 838
0.3123 750
0.3223 641
0.3323 527
0.3423 389
0.3523 268
0.3623 193
0.3723 145
0.3823  96
0.3923  72
0.4023  51
0.4123  37
0.4223  36
0.4323  39
0.4423  50
0.4523  59
0.4623  76
0.4723 103
0.4823 132
0.4923 135
0.5023 156
0.5123 167
0.5223 198
0.5323 194
0.5423 191
0.5523 170
0.5623 153
0.5723 118
0.5823 136
0.5923  76
0.6023  85
0.6123  57
0.6223  53
0.6323  41
0.6423  19
0.6523  27
0.6623  21
0.6723  24
0.6823  30
0.6923  18
0.7023  21
0.7123  16
0.7223  28
0.7323  24
0.7423  34
0.7524  27
0.7624  19
0.7724  34
0.7824  27
0.7924  29
0.8024  22
0.8124  24
0.8224  28
0.8324  28
0.8424  37
0.8524  30
0.8624  24
0.8724  21
0.8824  25
0.8924  31
0.9024  23
0.9124  26
0.9224  26
0.9324  26
0.9424  34
0.9524  46
0.9624  27
0.9724  34
0.9824  39
0.9924  30
1.0024  44
1.0124  31
1.0224  31
1.0324  29
1.0424  29
1.0524  30
1.0624  21
1.0724  30
1.0824  33
1.0924  27
1.1024  20
1.1124  28
1.1224  23
1.1324  20
1.1424  25
1.1524  27
1.1624  23
1.1724  20
1.1824  23
1.1924  19
1.2024  29
1.2124  18
1.2224  22
1.2324  23
1.2424  16
1.2525  21
1.2625  22
1.2725  22
1.2825  22
1.2925  17
1.3025  18
1.3125  16
1.3225  26
1.3325  22
1.3425  28
1.3525  15
1.3625  18
1.3725  37
1.3825  29
1.3925  34
1.4025  34
1.4125  60
1.4225  50
1.4325  76
1.4425  95
1.4525 104
1.4625 120
1.4725 153
1.4825 144
1.4925 136
1.5025 133
1.5125 134
1.5225 132
1.5325 130
1.5425 109
1.5525  95
1.5625  85
1.5725  69
1.5825  47
1.5925  38
1.6025  36
1.6125  27
1.6225  18
1.6325  24
1.6425  17
1.6525  17
1.6625  21
1.6725  24
1.6825  25
1.6925  33
1.7025  26
1.7125  29
1.7225  43
1.7325  35
1.7425  34
1.7526  42
1.7626  47
1.7726  42
1.7826  36
1.7926  31
1.8026  44
1.8126  31
1.8226  24
1.8326  26
1.8426  23
1.8526  13
1.8626  12
1.8726  15
1.8826  13
1.8926  13
1.9026   7
1.9126  13
1.9226  16
1.9326  11
1.9426  14
1.9526   9
1.9626  11
1.9726   9
1.9826  10
1.9926  12
2.0026  11
2.0126  16
2.0226  20
2.0326  20
2.0426  16
2.0526  13
2.0626  15
2.0726  12
2.0826  11
2.0926  13
2.1026  11
2.1126  16
2.1226  19
2.1326  20
2.1426  20
2.1526  16
2.1626  15
2.1726  20
2.1826  25
2.1926  29
2.2026  32
2.2126  33
2.2226  36
2.2326  46
2.2426  64
2.2527  93
2.2627  94
2.2727  95
2.2827 115
2.2927 124
2.3027 125
2.3127 149
2.3227 136
2.3327 131
2.3427 136
2.3527 127
2.3627 124
2.3727 110
2.3827  89
2.3927  84
2.4027  63
2.4127  54
2.4227  51
2.4327  46
2.4427  45
2.4527  39
2.4627  38
2.4727  35
2.4827  32
2.4927  27
2.5027  26
2.5127  19
2.5227  18
2.5327  17
2.5427  11
2.5527  13
2.5627  15
2.5727  12
2.5827  12
2.5927  11
2.6027  12
2.6127  13
2.6227   8
2.6327   7
2.6427  12
2.6527  15
2.6627   8
2.6727   5
2.6827   8
2.6927   7
2.7027   6
2.7127   5
2.7227   4
2.7327   5
2.7427   9
2.7528  11
2.7628  11
2.7728   7
2.7828   5
2.7928   4
2.8028   7
2.8128   6
2.8228   3
2.8328   6
2.8428   7
2.8528   6
2.8628   4
2.8728   7
2.8828   9
2.8928   5
2.9028   5
2.9128   6
2.9228   7
2.9328   8
2.9428   8
2.9528   8
2.9628   7
2.9728   6
2.9828   7
2.9928   8
3.0028   7
3.0128   6
3.0228   4
3.0328   6
3.0428   7
3.0528   6
3.0628   7
3.0728   5
3.0828   6
3.0928   7
3.1028   8
3.1128   7
3.1228   6
3.1328   6
3.1428   7
3.1528   5
3.1628   5
3.1728   5
3.1828   1
3.1928   2
3.2028   2
3.2128   5
3.2228   7
3.2328   7
3.2428   6
3.2529   7
3.2629   7
3.2729   4
3.2829   3
3.2929   6
3.3029   5
3.3129   4
3.3229   4
3.3329   5
3.3429   4
3.3529   4
3.3629   6
3.3729   5
3.3829   4
3.3929   7
3.4029   6
3.4129   5
3.4229   5
3.4329   7
3.4429   7
3.4529   6
3.4629   6
3.4729   3
3.4829   3
3.4929   2
3.5029   4
3.5129   5
3.5229   5
3.5329   6
3.5429   5
3.5529   4
3.5629   2
3.5729   3
3.5829   6
3.5929   4
3.6029   3
3.6129   6
3.6229   7
3.6329   4
3.6429   6
3.6529   9
3.6629   4
3.6729   1
3.6829   1
3.6929   3
3.7029   5
3.7129   5
3.7229   5
3.7329   6
3.7429   7
 3.753   7
 3.763   7
 3.773   5
 3.783   5
 3.793   4
 3.803   4
 3.813   2
 3.823   2
 3.833   4
 3.843   3
 3.853   5
 3.863   6
 3.873   5
 3.883   3
 3.893   4
 3.903   6
 3.913   4
 3.923   2
 3.933   3
 3.943   4
 3.953   4
 3.963   6
 3.973   5
 3.983   3
 3.993   4
 4.003   5
 4.013   4
 4.023   4
 4.033   2
 4.043   4
 4.053   5
 4.063   2
 4.073   3
 4.083   3
 4.093   2
 4.103   3
 4.113   1
 4.123   0
 4.133   1
 4.143   3
 4.153   4
 4.163   3
 4.173   2
 4.183   4
 4.193   4
 4.203   1
 4.213   2
 4.223   3
 4.233   4
 4.243   3
4.2531   3
4.2631   2
4.2731   1
4.2831   1
4.2931   2
4.3031   2
4.3131   0
4.3231   1
4.3331   1
4.3431   3
4.3531   4
4.3631   3
4.3731   3
4.3831   4
4.3931   1
4.4031   2
4.4131   3
4.4231   4
4.4331   1
4.4431   0
4.4531   1
4.4631   2
4.4731   3
4.4831   2
4.4931   1
4.5031   1
4.5131   2
4.5231   2
4.5331   3
4.5431   3
4.5531   3
4.5631   4
4.5731   4
4.5831   2
4.5931   1
4.6031   2
4.6131   0
4.6231   1
4.6331   2
4.6431   2
4.6531   1
4.6631   1
4.6731   2
4.6831   2
4.6931   1
4.7031   1
4.7131   0
4.7231   1
4.7331   2
4.7431   3
4.7532   2
4.7632   0
4.7732   2
4.7832   2
4.7932   1
4.8032   2
4.8132   1
4.8232   1
4.8332   1
4.8432   1
4.8532   2
4.8632   3
4.8732   1
4.8832   0
4.8932   0
4.9032   1
4.9132   2
4.9232   0
4.9332   1
4.9432   1
4.9532   2
4.9632   0
4.9732   1
4.9832   1
4.9932   2
5.0032   0
5.0132   1
5.0232   1
5.0332   1
5.0432   0
5.0532   0
5.0632   1
5.0732   0
5.0832   0
5.0932   0
5.1032   0
5.1132   0
5.1232   1
