-0.958   0
-0.948   0
-0.938   0
-0.928   0
-0.918   0
-0.908   0
-0.898   0
-0.888   0
-0.878   0
-0.868   0
-0.858   0
-0.848   0
-0.838   0
-0.828   0
-0.818   0
-0.808   0
-0.798   0
-0.788   0
-0.778   0
-0.768   0
-0.758   0
-0.7479   0
-0.7379   0
-0.7279   0
-0.7179   0
-0.7079   0
-0.6979   0
-0.6879   0
-0.6779   0
-0.6679   0
-0.6579   0
-0.6479   0
-0.6379   0
-0.6279   0
-0.6179   0
-0.6079   0
-0.5979   0
-0.5879   0
-0.5779   0
-0.5679   0
-0.5579   0
-0.5479   0
-0.5379   0
-0.5279   0
-0.5179   0
-0.5079   0
-0.4979   0
-0.4879   0
-0.4779   0
-0.4679   0
-0.4579   0
-0.4479   0
-0.4379   0
-0.4279   0
-0.4179   0
-0.4079   0
-0.3979   0
-0.3879   0
-0.3779   0
-0.3679   0
-0.3579   0
-0.3479   0
-0.3379   0
-0.3279   0
-0.3179   0
-0.3079   0
-0.2979   0
-0.2879   0
-0.2779   0
-0.2679   0
-0.2579   0
-0.2478   0
-0.2378   0
-0.2278   0
-0.2178   0
-0.2078   0
-0.1978   0
-0.1878   0
-0.1778   0
-0.1678   0
-0.1578   0
-0.1478   0
-0.1378   0
-0.1278   0
-0.1178   3
-0.1078   4
-0.0978   1
-0.0878   7
-0.0778  10
-0.0678  18
-0.0578  26
-0.0478  29
-0.0378  44
-0.0278  37
-0.0178  61
-0.0078  55
0.0022  55
0.0122  58
0.0222  65
0.0322  54
0.0422  39
0.0522  26
0.0622  22
0.0722  23
0.0822  16
0.0922   9
0.1022   7
0.1122   0
0.1222   0
0.1322   1
0.1422   1
0.1522   0
0.1622   0
0.1722   0
0.1822   0
0.1922   0
0.2022   0
0.2122   0
0.2222   0
0.2322   0
0.2422  13
0.2523 120
0.2623 320
0.2723 444
0.2823 455
0.2923 483
0.3023 466
0.3123 405
0.3223 349
0.3323 284
0.3423 206
0.3523 173
0.3623 132
0.3723  78
0.3823  54
0.3923  42
0.4023  39
0.4123  28
0.4223  33
0.4323  35
0.4423  29
0.4523  43
0.4623  44
0.4723  49
0.4823  56
0.4923  67
0.5023  95
0.5123 115
0.5223 108
0.5323 102
0.5423 102
0.5523  89
0.5623  77
0.5723  63
0.5823  61
0.5923  51
0.6023  47
0.6123  32
0.6223  29
0.6323  23
0.6423  11
0.6523  15
0.6623   6
0.6723  13
0.6823  19
0.6923   7
0.7023  13
0.7123  13
0.7223  12
0.7323  10
0.7423  11
0.7524  14
0.7624  14
0.7724  20
0.7824  16
0.7924  18
0.8024   6
0.8124  17
0.8224  10
0.8324  15
0.8424  13
0.8524  13
0.8624  16
0.8724  16
0.8824  12
0.8924  15
0.9024   6
0.9124  17
0.9224  14
0.9324  12
0.9424  16
0.9524  22
0.9624  18
0.9724  20
0.9824  11
0.9924  16
1.0024  17
1.0124  15
1.0224  16
1.0324  13
1.0424  18
1.0524  14
1.0624  14
1.0724   7
1.0824  12
1.0924  12
1.1024  14
1.1124  11
1.1224  19
1.1324  13
1.1424   9
1.1524  11
1.1624  10
1.1724   9
1.1824   7
1.1924  15
1.2024   8
1.2124  10
1.2224  17
1.2324  10
1.2424   5
1.2525  11
1.2625  11
1.2725  12
1.2825  13
1.2925   4
1.3025   7
1.3125   3
1.3225   9
1.3325   5
1.3425   3
1.3525  10
1.3625   6
1.3725   9
1.3825  14
1.3925   7
1.4025  16
1.4125  16
1.4225  13
1.4325  16
1.4425  27
1.4525  27
1.4625  23
1.4725  34
1.4825  34
1.4925  33
1.5025  35
1.5125  31
1.5225  28
1.5325  25
1.5425  31
1.5525  24
1.5625  19
1.5725   9
1.5825  14
1.5925  12
1.6025  13
1.6125   8
1.6225   6
1.6325   9
1.6425  11
1.6525   8
1.6625   8
1.6725   3
1.6825   9
1.6925  12
1.7025  14
1.7125  16
1.7225  19
1.7325  22
1.7425  24
1.7526  23
1.7626  30
1.7726  27
1.7826  20
1.7926  13
1.8026  15
1.8126  19
1.8226  12
1.8326  15
1.8426  14
1.8526   7
1.8626  10
1.8726  10
1.8826   3
1.8926   3
1.9026   3
1.9126   5
1.9226   6
1.9326   6
1.9426  11
1.9526   5
1.9626   3
1.9726   5
1.9826   6
1.9926   5
2.0026   5
2.0126   6
2.0226   7
2.0326   8
2.0426   8
2.0526   6
2.0626   9
2.0726  11
2.0826   6
2.0926   9
2.1026  12
2.1126   8
2.1226   6
2.1326   7
2.1426   8
2.1526   9
2.1626   9
2.1726  12
2.1826  17
2.1926  17
2.2026  15
2.2126  16
2.2226  23
2.2326  24
2.2426  29
2.2527  37
2.2627  44
2.2727  58
2.2827  60
2.2927  64
2.3027  74
2.3127  77
2.3227  81
2.3327  71
2.3427  61
2.3527  56
2.3627  50
2.3727  44
2.3827  40
2.3927  36
2.4027  36
2.4127  31
2.4227  24
2.4327  21
2.4427  23
2.4527  20
2.4627  14
2.4727  16
2.4827  15
2.4927   8
2.5027   8
2.5127  10
2.5227  10
2.5327   6
2.5427   5
2.5527   8
2.5627   7
2.5727   5
2.5827   7
2.5927   6
2.6027   5
2.6127   4
2.6227   2
2.6327   3
2.6427   4
2.6527   5
2.6627   4
2.6727   3
2.6827   2
2.6927   1
2.7027   3
2.7127   3
2.7227   3
2.7327   5
2.7427   3
2.7528   1
2.7628   3
2.7728   6
2.7828   4
2.7928   2
2.8028   3
2.8128   3
2.8228   4
2.8328   6
2.8428   8
2.8528   6
2.8628   4
2.8728   5
2.8828   4
2.8928   3
2.9028   3
2.9128   3
2.9228   1
2.9328   3
2.9428   4
2.9528   3
2.9628   4
2.9728   1
2.9828   0
2.9928   1
3.0028   4
3.0128   6
3.0228   5
3.0328   6
3.0428   5
3.0528   4
3.0628   4
3.0728   3
3.0828   4
3.0928   4
3.1028   1
3.1128   1
3.1228   2
3.1328   2
3.1428   0
3.1528   1
3.1628   6
3.1728   7
3.1828   6
3.1928   3
3.2028   3
3.2128   3
3.2228   2
3.2328   5
3.2428   3
3.2529   1
3.2629   2
3.2729   4
3.2829   2
3.2929   2
3.3029   2
3.3129   1
3.3229   1
3.3329   3
3.3429   2
3.3529   2
3.3629   2
3.3729   1
3.3829   1
3.3929   2
3.4029   3
3.4129   1
3.4229   2
3.4329   3
3.4429   3
3.4529   3
3.4629   2
3.4729   4
3.4829   4
3.4929   4
3.5029   3
3.5129   1
3.5229   2
3.5329   2
3.5429   2
3.5529   4
3.5629   2
3.5729   1
3.5829   2
3.5929   3
3.6029   4
3.6129   3
3.6229   1
3.6329   1
3.6429   2
3.6529   2
3.6629   2
3.6729   1
3.6829   3
3.6929   3
3.7029   2
3.7129   2
3.7229   1
3.7329   2
3.7429   3
 3.753   2
 3.763   1
 3.773   1
 3.783   2
 3.793   2
 3.803   1
 3.813   1
 3.823   0
 3.833   1
 3.843   2
 3.853   2
 3.863   2
 3.873   2
 3.883   3
 3.893   3
 3.903   3
 3.913   1
 3.923   1
 3.933   0
 3.943   2
 3.953   2
 3.963   1
 3.973   1
 3.983   1
 3.993   1
 4.003   3
 4.013   2
 4.023   1
 4.033   1
 4.043   1
 4.053   2
 4.063   2
 4.073   3
 4.083   2
 4.093   1
 4.103   0
 4.113   2
 4.123   3
 4.133   1
 4.143   0
 4.153   1
 4.163   1
 4.173   2
 4.183   3
 4.193   3
 4.203   1
 4.213   0
 4.223   1
 4.233   2
 4.243   2
4.2531   3
4.2631   1
4.2731   2
4.2831   2
4.2931   1
4.3031   0
4.3131   2
4.3231   3
4.3331   1
4.3431   1
4.3531   1
4.3631   1
4.3731   1
4.3831   1
4.3931   1
4.4031   1
4.4131   1
4.4231   0
4.4331   0
4.4431   1
4.4531   1
4.4631   0
4.4731   1
4.4831   1
4.4931   1
4.5031   1
4.5131   1
4.5231   3
4.5331   3
4.5431   1
4.5531   1
4.5631   1
4.5731   0
4.5831   0
4.5931   1
4.6031   2
4.6131   1
4.6231   1
4.6331   2
4.6431   1
4.6531   1
4.6631   0
4.6731   0
4.6831   1
4.6931   1
4.7031   0
4.7131   0
4.7231   1
4.7331   2
4.7431   1
4.7532   1
4.7632   1
4.7732   0
4.7832   1
4.7932   2
4.8032   0
4.8132   1
4.8232   1
4.8332   0
4.8432   1
4.8532   3
4.8632   2
4.8732   1
4.8832   0
4.8932   1
4.9032   0
4.9132   0
4.9232   0
4.9332   0
4.9432   1
4.9532   0
4.9632   1
4.9732   2
4.9832   1
4.9932   0
5.0032   0
5.0132   0
5.0232   1
5.0332   0
5.0432   0
5.0532   0
5.0632   0
5.0732   0
5.0832   1
