-0.958    0
-0.948    0
-0.938    0
-0.928    0
-0.918    0
-0.908    0
-0.898    0
-0.888    0
-0.878    0
-0.868    0
-0.858    0
-0.848    0
-0.838    0
-0.828    0
-0.818    0
-0.808    0
-0.798    0
-0.788    0
-0.778    0
-0.768    0
-0.758    0
-0.7479    0
-0.7379    0
-0.7279    0
-0.7179    0
-0.7079    0
-0.6979    0
-0.6879    0
-0.6779    0
-0.6679    0
-0.6579    0
-0.6479    0
-0.6379    0
-0.6279    0
-0.6179    0
-0.6079    0
-0.5979    0
-0.5879    0
-0.5779    0
-0.5679    0
-0.5579    0
-0.5479    0
-0.5379    0
-0.5279    0
-0.5179    0
-0.5079    0
-0.4979    0
-0.4879    0
-0.4779    0
-0.4679    0
-0.4579    0
-0.4479    0
-0.4379    0
-0.4279    0
-0.4179    0
-0.4079    0
-0.3979    0
-0.3879    0
-0.3779    0
-0.3679    0
-0.3579    0
-0.3479    0
-0.3379    0
-0.3279    0
-0.3179    0
-0.3079    0
-0.2979    0
-0.2879    0
-0.2779    0
-0.2679    0
-0.2579    0
-0.2478    0
-0.2378    0
-0.2278    0
-0.2178    0
-0.2078    0
-0.1978    0
-0.1878    0
-0.1778    0
-0.1678    0
-0.1578    0
-0.1478    1
-0.1378    4
-0.1278    2
-0.1178    3
-0.1078    4
-0.0978   14
-0.0878   23
-0.0778   35
-0.0678   69
-0.0578   96
-0.0478   99
-0.0378  158
-0.0278  161
-0.0178  204
-0.0078  210
0.0022  273
0.0122  240
0.0222  203
0.0322  201
0.0422  135
0.0522  124
0.0622   80
0.0722   78
0.0822   45
0.0922   22
0.1022   15
0.1122    8
0.1222    5
0.1322    5
0.1422    1
0.1522    0
0.1622    0
0.1722    0
0.1822    0
0.1922    0
0.2022    0
0.2122    0
0.2222    0
0.2322    0
0.2422   32
0.2523  461
0.2623 1211
0.2723 1603
0.2823 1691
0.2923 1717
0.3023 1592
0.3123 1420
0.3223 1172
0.3323  984
0.3423  750
0.3523  525
0.3623  389
0.3723  288
0.3823  205
0.3923  150
0.4023  119
0.4123  102
0.4223   85
0.4323   94
0.4423  102
0.4523  135
0.4623  178
0.4723  187
0.4823  225
0.4923  258
0.5023  297
0.5123  335
0.5223  350
0.5323  359
0.5423  360
0.5523  334
0.5623  263
0.5723  232
0.5823  225
0.5923  186
0.6023  143
0.6123  105
0.6223   97
0.6323   59
0.6423   49
0.6523   62
0.6623   50
0.6723   47
0.6823   53
0.6923   33
0.7023   28
0.7123   43
0.7223   44
0.7323   47
0.7423   44
0.7524   39
0.7624   35
0.7724   39
0.7824   48
0.7924   49
0.8024   50
0.8124   46
0.8224   44
0.8324   47
0.8424   47
0.8524   39
0.8624   34
0.8724   31
0.8824   41
0.8924   42
0.9024   46
0.9124   47
0.9224   41
0.9324   46
0.9424   54
0.9524   47
0.9624   50
0.9724   41
0.9824   56
0.9924   44
1.0024   60
1.0124   39
1.0224   52
1.0324   52
1.0424   40
1.0524   39
1.0624   46
1.0724   41
1.0824   38
1.0924   34
1.1024   42
1.1124   42
1.1224   40
1.1324   50
1.1424   37
1.1524   46
1.1624   40
1.1724   30
1.1824   37
1.1924   40
1.2024   28
1.2124   38
1.2224   33
1.2324   31
1.2424   34
1.2525   35
1.2625   34
1.2725   35
1.2825   28
1.2925   28
1.3025   29
1.3125   29
1.3225   32
1.3325   29
1.3425   30
1.3525   25
1.3625   28
1.3725   30
1.3825   21
1.3925   34
1.4025   47
1.4125   44
1.4225   42
1.4325   54
1.4425   56
1.4525   54
1.4625   72
1.4725   86
1.4825   86
1.4925   93
1.5025  100
1.5125   98
1.5225   81
1.5325   86
1.5425   66
1.5525   67
1.5625   53
1.5725   59
1.5825   41
1.5925   30
1.6025   36
1.6125   26
1.6225   21
1.6325   24
1.6425   29
1.6525   41
1.6625   35
1.6725   35
1.6825   45
1.6925   42
1.7025   57
1.7125   58
1.7225   63
1.7325   76
1.7425   71
1.7526   78
1.7626   79
1.7726   73
1.7826   71
1.7926   52
1.8026   59
1.8126   39
1.8226   38
1.8326   39
1.8426   33
1.8526   31
1.8626   25
1.8726   28
1.8826   29
1.8926   25
1.9026   22
1.9126   26
1.9226   24
1.9326   23
1.9426   23
1.9526   15
1.9626   20
1.9726   26
1.9826   30
1.9926   26
2.0026   22
2.0126   28
2.0226   21
2.0326   21
2.0426   23
2.0526   29
2.0626   19
2.0726   20
2.0826   29
2.0926   26
2.1026   32
2.1126   25
2.1226   23
2.1326   32
2.1426   36
2.1526   28
2.1626   32
2.1726   32
2.1826   28
2.1926   45
2.2026   47
2.2126   65
2.2226   75
2.2326   82
2.2426  100
2.2527  125
2.2627  149
2.2727  160
2.2827  191
2.2927  206
2.3027  225
2.3127  225
2.3227  233
2.3327  236
2.3427  216
2.3527  204
2.3627  198
2.3727  165
2.3827  147
2.3927  116
2.4027  103
2.4127  102
2.4227   91
2.4327   84
2.4427   68
2.4527   67
2.4627   64
2.4727   60
2.4827   59
2.4927   46
2.5027   36
2.5127   31
2.5227   27
2.5327   24
2.5427   24
2.5527   24
2.5627   23
2.5727   23
2.5827   22
2.5927   18
2.6027   15
2.6127    9
2.6227   15
2.6327   17
2.6427   14
2.6527   18
2.6627   17
2.6727   13
2.6827   13
2.6927   14
2.7027   14
2.7127   11
2.7227   10
2.7327    9
2.7427   11
2.7528   12
2.7628   12
2.7728   15
2.7828   15
2.7928   11
2.8028   12
2.8128   11
2.8228   12
2.8328   12
2.8428    9
2.8528    8
2.8628    8
2.8728   11
2.8828   13
2.8928   12
2.9028    9
2.9128   11
2.9228   18
2.9328   19
2.9428   14
2.9528    9
2.9628   11
2.9728   13
2.9828   12
2.9928   11
3.0028    9
3.0128    8
3.0228    9
3.0328    8
3.0428    8
3.0528    9
3.0628   11
3.0728   13
3.0828   12
3.0928   12
3.1028   13
3.1128   12
3.1228   11
3.1328   10
3.1428   13
3.1528   14
3.1628    8
3.1728    4
3.1828    7
3.1928    8
3.2028    8
3.2128    7
3.2228    7
3.2328    4
3.2428    7
3.2529    9
3.2629    8
3.2729    9
3.2829    8
3.2929   11
3.3029   10
3.3129    7
3.3229    9
3.3329   14
3.3429   12
3.3529    7
3.3629    8
3.3729   11
3.3829    8
3.3929    9
3.4029   10
3.4129    7
3.4229    8
3.4329   12
3.4429   10
3.4529    9
3.4629   12
3.4729    8
3.4829    5
3.4929    6
3.5029    8
3.5129   11
3.5229   12
3.5329   11
3.5429    8
3.5529    8
3.5629    9
3.5729   10
3.5829   11
3.5929   10
3.6029    9
3.6129    9
3.6229    9
3.6329    5
3.6429    4
3.6529   10
3.6629   12
3.6729    8
3.6829    6
3.6929    9
3.7029    9
3.7129    7
3.7229    7
3.7329    5
3.7429    3
 3.753    4
 3.763    6
 3.773    5
 3.783    6
 3.793    6
 3.803    6
 3.813    8
 3.823    9
 3.833    7
 3.843    7
 3.853    8
 3.863    6
 3.873    5
 3.883    5
 3.893    5
 3.903    6
 3.913    8
 3.923    8
 3.933    5
 3.943    5
 3.953    4
 3.963    5
 3.973    6
 3.983    4
 3.993    5
 4.003    5
 4.013    4
 4.023    4
 4.033    4
 4.043    5
 4.053    4
 4.063    5
 4.073    7
 4.083   10
 4.093    9
 4.103    7
 4.113    5
 4.123    5
 4.133    5
 4.143    7
 4.153   10
 4.163    6
 4.173    5
 4.183    4
 4.193    6
 4.203    6
 4.213    4
 4.223    4
 4.233    4
 4.243    6
4.2531    6
4.2631    7
4.2731    4
4.2831    5
4.2931    6
4.3031    6
4.3131    9
4.3231    4
4.3331    6
4.3431    6
4.3531    5
4.3631    5
4.3731    4
4.3831    4
4.3931    5
4.4031    6
4.4131    6
4.4231    6
4.4331    6
4.4431    4
4.4531    4
4.4631    6
4.4731    7
4.4831    4
4.4931    4
4.5031    6
4.5131    4
4.5231    3
4.5331    3
4.5431    4
4.5531    4
4.5631    5
4.5731    5
4.5831    3
4.5931    8
4.6031    7
4.6131    3
4.6231    3
4.6331    4
4.6431    4
4.6531    5
4.6631    3
4.6731    5
4.6831    5
4.6931    1
4.7031    2
4.7131    4
4.7231    5
4.7331    2
4.7431    3
4.7532    5
4.7632    5
4.7732    4
4.7832    4
4.7932    1
4.8032    1
4.8132    2
4.8232    1
4.8332    2
4.8432    3
4.8532    1
4.8632    3
4.8732    4
4.8832    6
4.8932    3
4.9032    1
4.9132    3
4.9232    2
4.9332    1
4.9432    4
4.9532    2
4.9632    1
4.9732    0
4.9832    0
4.9932    1
5.0032    0
5.0132    2
5.0232    0
5.0332    0
5.0432    1
5.0532    1
5.0632    0
5.0732    0
5.0832    0
5.0932    0
5.1032    1
5.1132    1
