-0.958    0
-0.948    0
-0.938    0
-0.928    0
-0.918    0
-0.908    0
-0.898    0
-0.888    0
-0.878    0
-0.868    0
-0.858    0
-0.848    0
-0.838    0
-0.828    0
-0.818    0
-0.808    0
-0.798    0
-0.788    0
-0.778    0
-0.768    0
-0.758    0
-0.7479    0
-0.7379    0
-0.7279    0
-0.7179    0
-0.7079    0
-0.6979    0
-0.6879    0
-0.6779    0
-0.6679    0
-0.6579    0
-0.6479    0
-0.6379    0
-0.6279    0
-0.6179    0
-0.6079    0
-0.5979    0
-0.5879    0
-0.5779    0
-0.5679    0
-0.5579    0
-0.5479    0
-0.5379    0
-0.5279    0
-0.5179    0
-0.5079    0
-0.4979    0
-0.4879    0
-0.4779    0
-0.4679    0
-0.4579    0
-0.4479    0
-0.4379    0
-0.4279    0
-0.4179    0
-0.4079    0
-0.3979    0
-0.3879    0
-0.3779    0
-0.3679    0
-0.3579    0
-0.3479    0
-0.3379    0
-0.3279    0
-0.3179    0
-0.3079    0
-0.2979    0
-0.2879    0
-0.2779    0
-0.2679    0
-0.2579    0
-0.2478    0
-0.2378    0
-0.2278    0
-0.2178    0
-0.2078    0
-0.1978    0
-0.1878    0
-0.1778    0
-0.1678    0
-0.1578    0
-0.1478    0
-0.1378    0
-0.1278    0
-0.1178    4
-0.1078    2
-0.0978    5
-0.0878   24
-0.0778   26
-0.0678   35
-0.0578   60
-0.0478   81
-0.0378  111
-0.0278  128
-0.0178  167
-0.0078  172
0.0022  162
0.0122  169
0.0222  133
0.0322  109
0.0422  106
0.0522   65
0.0622   52
0.0722   44
0.0822   32
0.0922   16
0.1022   10
0.1122    6
0.1222    0
0.1322    6
0.1422    2
0.1522    0
0.1622    0
0.1722    0
0.1822    0
0.1922    0
0.2022    0
0.2122    0
0.2222    0
0.2322    0
0.2422   25
0.2523  337
0.2623  925
0.2723 1268
0.2823 1310
0.2923 1329
0.3023 1224
0.3123 1074
0.3223  943
0.3323  796
0.3423  643
0.3523  479
0.3623  309
0.3723  203
0.3823  158
0.3923  112
0.4023   97
0.4123   70
0.4223   58
0.4323   70
0.4423   92
0.4523  114
0.4623  107
0.4723  156
0.4823  195
0.4923  227
0.5023  253
0.5123  274
0.5223  318
0.5323  319
0.5423  302
0.5523  300
0.5623  233
0.5723  223
0.5823  151
0.5923  157
0.6023  134
0.6123   78
0.6223   58
0.6323   56
0.6423   39
0.6523   40
0.6623   36
0.6723   35
0.6823   34
0.6923   25
0.7023   34
0.7123   41
0.7223   46
0.7323   38
0.7423   31
0.7524   43
0.7624   33
0.7724   48
0.7824   38
0.7924   30
0.8024   28
0.8124   37
0.8224   21
0.8324   23
0.8424   36
0.8524   28
0.8624   19
0.8724   34
0.8824   29
0.8924   38
0.9024   30
0.9124   30
0.9224   36
0.9324   42
0.9424   36
0.9524   43
0.9624   34
0.9724   38
0.9824   30
0.9924   39
1.0024   34
1.0124   37
1.0224   27
1.0324   39
1.0424   35
1.0524   26
1.0624   37
1.0724   39
1.0824   30
1.0924   33
1.1024   27
1.1124   30
1.1224   41
1.1324   19
1.1424   35
1.1524   31
1.1624   32
1.1724   32
1.1824   24
1.1924   20
1.2024   36
1.2124   16
1.2224   22
1.2324   31
1.2424   23
1.2525   24
1.2625   23
1.2725   24
1.2825   20
1.2925   31
1.3025   26
1.3125   22
1.3225   27
1.3325   19
1.3425   24
1.3525   20
1.3625   21
1.3725   20
1.3825   40
1.3925   35
1.4025   31
1.4125   37
1.4225   31
1.4325   39
1.4425   51
1.4525   61
1.4625   78
1.4725   73
1.4825   79
1.4925   68
1.5025   72
1.5125   77
1.5225   85
1.5325   68
1.5425   61
1.5525   46
1.5625   47
1.5725   46
1.5825   32
1.5925   20
1.6025   23
1.6125   25
1.6225   20
1.6325   22
1.6425   18
1.6525   32
1.6625   33
1.6725   28
1.6825   33
1.6925   36
1.7025   35
1.7125   40
1.7225   37
1.7325   52
1.7425   50
1.7526   64
1.7626   54
1.7726   60
1.7826   50
1.7926   40
1.8026   48
1.8126   37
1.8226   36
1.8326   22
1.8426   22
1.8526   19
1.8626   21
1.8726   15
1.8826   15
1.8926   18
1.9026   12
1.9126   16
1.9226   17
1.9326   17
1.9426   15
1.9526   14
1.9626   16
1.9726   20
1.9826   19
1.9926   20
2.0026   18
2.0126   18
2.0226   17
2.0326   20
2.0426   20
2.0526   25
2.0626   19
2.0726   16
2.0826   18
2.0926   21
2.1026   22
2.1126   26
2.1226   26
2.1326   22
2.1426   23
2.1526   28
2.1626   34
2.1726   36
2.1826   33
2.1926   25
2.2026   33
2.2126   43
2.2226   56
2.2326   65
2.2426   90
2.2527  102
2.2627  117
2.2727  122
2.2827  136
2.2927  143
2.3027  157
2.3127  176
2.3227  195
2.3327  178
2.3427  172
2.3527  146
2.3627  137
2.3727  129
2.3827  107
2.3927   92
2.4027   76
2.4127   79
2.4227   76
2.4327   66
2.4427   51
2.4527   51
2.4627   49
2.4727   44
2.4827   35
2.4927   27
2.5027   27
2.5127   22
2.5227   21
2.5327   19
2.5427   13
2.5527   14
2.5627   19
2.5727   19
2.5827   19
2.5927   17
2.6027   13
2.6127   12
2.6227   14
2.6327   13
2.6427   11
2.6527    9
2.6627   10
2.6727   12
2.6827    7
2.6927    5
2.7027    6
2.7127    9
2.7227   10
2.7327   12
2.7427    9
2.7528    9
2.7628   13
2.7728   14
2.7828   12
2.7928    9
2.8028   12
2.8128   13
2.8228   10
2.8328    8
2.8428    9
2.8528    7
2.8628    6
2.8728    9
2.8828    9
2.8928   10
2.9028   10
2.9128    8
2.9228    9
2.9328   10
2.9428    8
2.9528   11
2.9628   13
2.9728    9
2.9828    9
2.9928   11
3.0028    9
3.0128    8
3.0228    9
3.0328   10
3.0428   11
3.0528   11
3.0628   10
3.0728    8
3.0828    7
3.0928    8
3.1028    9
3.1128   10
3.1228    9
3.1328    6
3.1428    6
3.1528    6
3.1628    6
3.1728    6
3.1828    8
3.1928    7
3.2028    6
3.2128    7
3.2228    7
3.2328    6
3.2428    8
3.2529    7
3.2629    5
3.2729    3
3.2829    5
3.2929    6
3.3029    6
3.3129    6
3.3229    7
3.3329    8
3.3429    7
3.3529    7
3.3629    6
3.3729    4
3.3829    7
3.3929   11
3.4029    8
3.4129    7
3.4229    7
3.4329    4
3.4429    7
3.4529    7
3.4629    3
3.4729    4
3.4829    7
3.4929    5
3.5029    5
3.5129    6
3.5229    7
3.5329    7
3.5429    8
3.5529    8
3.5629    9
3.5729    8
3.5829    9
3.5929    9
3.6029    8
3.6129    7
3.6229    5
3.6329    6
3.6429    6
3.6529    6
3.6629    7
3.6729    6
3.6829    4
3.6929    5
3.7029    6
3.7129    6
3.7229    7
3.7329    4
3.7429    4
 3.753   10
 3.763   10
 3.773    7
 3.783    8
 3.793    6
 3.803    4
 3.813    6
 3.823    7
 3.833    4
 3.843    4
 3.853    5
 3.863    8
 3.873    6
 3.883    4
 3.893    6
 3.903    4
 3.913    5
 3.923    6
 3.933    5
 3.943    7
 3.953    6
 3.963    5
 3.973    4
 3.983    6
 3.993    5
 4.003    3
 4.013    4
 4.023    4
 4.033    3
 4.043    5
 4.053    5
 4.063    4
 4.073    4
 4.083    3
 4.093    3
 4.103    3
 4.113    2
 4.123    2
 4.133    4
 4.143    4
 4.153    3
 4.163    5
 4.173    7
 4.183    6
 4.193    5
 4.203    3
 4.213    3
 4.223    3
 4.233    3
 4.243    5
4.2531    4
4.2631    5
4.2731    5
4.2831    5
4.2931    4
4.3031    5
4.3131    4
4.3231    4
4.3331    3
4.3431    4
4.3531    4
4.3631    3
4.3731    3
4.3831    5
4.3931    6
4.4031    4
4.4131    2
4.4231    2
4.4331    1
4.4431    2
4.4531    3
4.4631    4
4.4731    5
4.4831    4
4.4931    3
4.5031    4
4.5131    4
4.5231    2
4.5331    1
4.5431    2
4.5531    4
4.5631    3
4.5731    2
4.5831    3
4.5931    6
4.6031    3
4.6131    5
4.6231    5
4.6331    1
4.6431    1
4.6531    2
4.6631    5
4.6731    3
4.6831    1
4.6931    4
4.7031    4
4.7131    2
4.7231    1
4.7331    1
4.7431    1
4.7532    4
4.7632    3
4.7732    4
4.7832    4
4.7932    2
4.8032    3
4.8132    1
4.8232    2
4.8332    1
4.8432    1
4.8532    0
4.8632    2
4.8732    2
4.8832    2
4.8932    3
4.9032    1
4.9132    2
4.9232    2
4.9332    0
4.9432    1
4.9532    1
4.9632    1
4.9732    0
4.9832    1
4.9932    0
5.0032    2
5.0132    0
5.0232    0
5.0332    0
5.0432    0
5.0532    0
5.0632    0
5.0732    0
5.0832    0
5.0932    0
5.1032    1
