278	2191.17	2191.17	2191.17	2191.17	2191.17	2191.17	2191.17	2191.17
277.95	2165.98	2165.98	2165.98	2165.98	2165.98	2165.98	2165.98	2165.98
277.9	2167.98	2167.98	2167.98	2167.98	2167.98	2167.98	2167.98	2167.98
277.85	2184.19	2184.19	2184.19	2184.19	2184.19	2184.19	2184.19	2184.19
277.8	2178.64	2178.64	2178.64	2178.64	2178.64	2178.64	2178.64	2178.64
277.75	2158.61	2158.61	2158.61	2158.61	2158.61	2158.61	2158.61	2158.61
277.7	2161.49	2161.49	2161.49	2161.49	2161.49	2161.49	2161.49	2161.49
277.65	2173.7	2173.7	2173.7	2173.7	2173.7	2173.7	2173.7	2173.7
277.6	2190.69	2190.69	2190.69	2190.69	2190.69	2190.69	2190.69	2190.69
277.55	2150.19	2150.19	2150.19	2150.19	2150.19	2150.19	2150.19	2150.19
277.5	2161.94	2161.94	2161.94	2161.94	2161.94	2161.94	2161.94	2161.94
277.45	2175.13	2175.13	2175.13	2175.13	2175.13	2175.13	2175.13	2175.13
277.4	2221	2221	2221	2221	2221	2221	2221	2221
277.35	2212.18	2212.18	2212.18	2212.18	2212.18	2212.18	2212.18	2212.18
277.3	2194.3	2194.3	2194.3	2194.3	2194.3	2194.3	2194.3	2194.3
277.25	2159.63	2159.63	2159.63	2159.63	2159.63	2159.63	2159.63	2159.63
277.2	2215.67	2215.67	2215.67	2215.67	2215.67	2215.67	2215.67	2215.67
277.15	2153.99	2153.99	2153.99	2153.99	2153.99	2153.99	2153.99	2153.99
277.1	2174.14	2174.14	2174.14	2174.14	2174.14	2174.14	2174.14	2174.14
277.05	2215.94	2215.94	2215.94	2215.94	2215.94	2215.94	2215.94	2215.94
277	2185.71	2185.71	2185.71	2185.71	2185.71	2185.71	2185.71	2185.71
276.95	2188.79	2188.79	2188.79	2188.79	2188.79	2188.79	2188.79	2188.79
276.9	2173.18	2173.18	2173.18	2173.18	2173.18	2173.18	2173.18	2173.18
276.85	2187.64	2187.64	2187.64	2187.64	2187.64	2187.64	2187.64	2187.64
276.8	2163.33	2163.33	2163.33	2163.33	2163.33	2163.33	2163.33	2163.33
276.75	2146.93	2146.93	2146.93	2146.93	2146.93	2146.93	2146.93	2146.93
276.7	2167.16	2167.16	2167.16	2167.16	2167.16	2167.16	2167.16	2167.16
276.65	2177.85	2177.85	2177.85	2177.85	2177.85	2177.85	2177.85	2177.85
276.6	2221.9	2221.9	2221.9	2221.9	2221.9	2221.9	2221.9	2221.9
276.55	2227.79	2227.79	2227.79	2227.79	2227.79	2227.79	2227.79	2227.79
276.5	2239.27	2239.27	2239.27	2239.27	2239.27	2239.27	2239.27	2239.27
276.45	2184.81	2184.81	2184.81	2184.81	2184.81	2184.81	2184.81	2184.81
276.4	2197.36	2197.36	2197.36	2197.36	2197.36	2197.36	2197.36	2197.36
276.35	2211.19	2211.19	2211.19	2211.19	2211.19	2211.19	2211.19	2211.19
276.3	2208.98	2208.98	2208.98	2208.98	2208.98	2208.98	2208.98	2208.98
276.25	2151.32	2151.32	2151.32	2151.32	2151.32	2151.32	2151.32	2151.32
276.2	2148.16	2148.16	2148.16	2148.16	2148.16	2148.16	2148.16	2148.16
276.15	2172.57	2172.57	2172.57	2172.57	2172.57	2172.57	2172.57	2172.57
276.1	2182.3	2182.3	2182.3	2182.3	2182.3	2182.3	2182.3	2182.3
276.05	2146.21	2146.21	2146.21	2146.21	2146.21	2146.21	2146.21	2146.21
276	2185.87	2185.87	2185.87	2185.87	2185.87	2185.87	2185.87	2185.87
275.95	2157.68	2157.68	2157.68	2157.68	2157.68	2157.68	2157.68	2157.68
275.9	2156.85	2156.85	2156.85	2156.85	2156.85	2156.85	2156.85	2156.85
275.85	2170.43	2170.43	2170.43	2170.43	2170.43	2170.43	2170.43	2170.43
275.8	2194.87	2194.87	2194.87	2194.87	2194.87	2194.87	2194.87	2194.87
275.75	2209.72	2209.72	2209.72	2209.72	2209.72	2209.72	2209.72	2209.72
275.7	2195.08	2195.08	2195.08	2195.08	2195.08	2195.08	2195.08	2195.08
275.65	2183.45	2183.45	2183.45	2183.45	2183.45	2183.45	2183.45	2183.45
275.6	2196.31	2196.31	2196.31	2196.31	2196.31	2196.31	2196.31	2196.31
275.55	2154.61	2154.61	2154.61	2154.61	2154.61	2154.61	2154.61	2154.61
275.5	2144.83	2144.83	2144.83	2144.83	2144.83	2144.83	2144.83	2144.83
275.45	2172.25	2172.25	2172.25	2172.25	2172.25	2172.25	2172.25	2172.25
275.4	2187.82	2187.82	2187.82	2187.82	2187.82	2187.82	2187.82	2187.82
275.35	2163.11	2163.11	2163.11	2163.11	2163.11	2163.11	2163.11	2163.11
275.3	2156.47	2156.47	2156.47	2156.47	2156.47	2156.47	2156.47	2156.47
275.25	2172.6	2172.6	2172.6	2172.6	2172.6	2172.6	2172.6	2172.6
275.2	2163.27	2163.27	2163.27	2163.27	2163.27	2163.27	2163.27	2163.27
275.15	2145.69	2145.69	2145.69	2145.69	2145.69	2145.69	2145.69	2145.69
275.1	2107.43	2107.43	2107.43	2107.43	2107.43	2107.43	2107.43	2107.43
275.05	2177.28	2177.28	2177.28	2177.28	2177.28	2177.28	2177.28	2177.28
275	2198.67	2198.67	2198.67	2198.67	2198.67	2198.67	2198.67	2198.67
274.95	2178.17	2178.17	2178.17	2178.17	2178.17	2178.17	2178.17	2178.17
274.9	2153.97	2153.97	2153.97	2153.97	2153.97	2153.97	2153.97	2153.97
274.85	2149.79	2149.79	2149.79	2149.79	2149.79	2149.79	2149.79	2149.79
274.8	2163.28	2163.28	2163.28	2163.28	2163.28	2163.28	2163.28	2163.28
274.75	2163.1	2163.1	2163.1	2163.1	2163.1	2163.1	2163.1	2163.1
274.7	2153	2153	2153	2153	2153	2153	2153	2153
274.65	2176.61	2176.61	2176.61	2176.61	2176.61	2176.61	2176.61	2176.61
274.6	2153.52	2153.52	2153.52	2153.52	2153.52	2153.52	2153.52	2153.52
274.55	2146.82	2146.82	2146.82	2146.82	2146.82	2146.82	2146.82	2146.82
274.5	2165.38	2165.38	2165.38	2165.38	2165.38	2165.38	2165.38	2165.38
274.45	2146.59	2146.59	2146.59	2146.59	2146.59	2146.59	2146.59	2146.59
274.4	2175.03	2175.03	2175.03	2175.03	2175.03	2175.03	2175.03	2175.03
274.35	2163.88	2163.88	2163.88	2163.88	2163.88	2163.88	2163.88	2163.88
274.3	2153.79	2153.79	2153.79	2153.79	2153.79	2153.79	2153.79	2153.79
274.25	2161.08	2161.08	2161.08	2161.08	2161.08	2161.08	2161.08	2161.08
274.2	2191.92	2191.92	2191.92	2191.92	2191.92	2191.92	2191.92	2191.92
274.15	2150.5	2150.5	2150.5	2150.5	2150.5	2150.5	2150.5	2150.5
274.1	2159.53	2159.53	2159.53	2159.53	2159.53	2159.53	2159.53	2159.53
274.05	2166.55	2166.55	2166.55	2166.55	2166.55	2166.55	2166.55	2166.55
274	2129.78	2129.78	2129.78	2129.78	2129.78	2129.78	2129.78	2129.78
273.95	2139.22	2139.22	2139.22	2139.22	2139.22	2139.22	2139.22	2139.22
273.9	2142.9	2142.9	2142.9	2142.9	2142.9	2142.9	2142.9	2142.9
273.85	2173.93	2173.93	2173.93	2173.93	2173.93	2173.93	2173.93	2173.93
273.8	2152.49	2152.49	2152.49	2152.49	2152.49	2152.49	2152.49	2152.49
273.75	2159.63	2159.63	2159.63	2159.63	2159.63	2159.63	2159.63	2159.63
273.7	2149.39	2149.39	2149.39	2149.39	2149.39	2149.39	2149.39	2149.39
273.65	2124.75	2124.75	2124.75	2124.75	2124.75	2124.75	2124.75	2124.75
273.6	2137.58	2137.58	2137.58	2137.58	2137.58	2137.58	2137.58	2137.58
273.55	2127.01	2127.01	2127.01	2127.01	2127.01	2127.01	2127.01	2127.01
273.5	2134.86	2134.86	2134.86	2134.86	2134.86	2134.86	2134.86	2134.86
273.45	2152.67	2152.67	2152.67	2152.67	2152.67	2152.67	2152.67	2152.67
273.4	2124.59	2124.59	2124.59	2124.59	2124.59	2124.59	2124.59	2124.59
273.35	2131.26	2131.26	2131.26	2131.26	2131.26	2131.26	2131.26	2131.26
273.3	2104.51	2104.51	2104.51	2104.51	2104.51	2104.51	2104.51	2104.51
273.25	2133.21	2133.21	2133.21	2133.21	2133.21	2133.21	2133.21	2133.21
273.2	2147.64	2147.64	2147.64	2147.64	2147.64	2147.64	2147.64	2147.64
273.15	2112.68	2112.68	2112.68	2112.68	2112.68	2112.68	2112.68	2112.68
273.1	2123.71	2123.71	2123.71	2123.71	2123.71	2123.71	2123.71	2123.71
273.05	2129.27	2129.27	2129.27	2129.27	2129.27	2129.27	2129.27	2129.27
273	2153.39	2153.39	2153.39	2153.39	2153.39	2153.39	2153.39	2153.39
272.95	2170.74	2170.74	2170.74	2170.74	2170.74	2170.74	2170.74	2170.74
272.9	2111.64	2111.64	2111.64	2111.64	2111.64	2111.64	2111.64	2111.64
272.85	2131.13	2131.13	2131.13	2131.13	2131.13	2131.13	2131.13	2131.13
272.8	2123.99	2123.99	2123.99	2123.99	2123.99	2123.99	2123.99	2123.99
272.75	2097.68	2097.68	2097.68	2097.68	2097.68	2097.68	2097.68	2097.68
272.7	2116.38	2116.38	2116.38	2116.38	2116.38	2116.38	2116.38	2116.38
272.65	2098.22	2098.22	2098.22	2098.22	2098.22	2098.22	2098.22	2098.22
272.6	2097.43	2097.43	2097.43	2097.43	2097.43	2097.43	2097.43	2097.43
272.55	2140.7	2140.7	2140.7	2140.7	2140.7	2140.7	2140.7	2140.7
272.5	2153.43	2153.43	2153.43	2153.43	2153.43	2153.43	2153.43	2153.43
272.45	2097.42	2097.42	2097.42	2097.42	2097.42	2097.42	2097.42	2097.42
272.4	2134.07	2134.07	2134.07	2134.07	2134.07	2134.07	2134.07	2134.07
272.35	2122.14	2122.14	2122.14	2122.14	2122.14	2122.14	2122.14	2122.14
272.3	2098.61	2098.61	2098.61	2098.61	2098.61	2098.61	2098.61	2098.61
272.25	2140.23	2140.23	2140.23	2140.23	2140.23	2140.23	2140.23	2140.23
272.2	2130.22	2130.22	2130.22	2130.22	2130.22	2130.22	2130.22	2130.22
272.15	2097.41	2097.41	2097.41	2097.41	2097.41	2097.41	2097.41	2097.41
272.1	2082.83	2082.83	2082.83	2082.83	2082.83	2082.83	2082.83	2082.83
272.05	2114.68	2114.68	2114.68	2114.68	2114.68	2114.68	2114.68	2114.68
272	2126.66	2126.66	2126.66	2126.66	2126.66	2126.66	2126.66	2126.66
271.95	2125.7	2125.7	2125.7	2125.7	2125.7	2125.7	2125.7	2125.7
271.9	2129.83	2129.83	2129.83	2129.83	2129.83	2129.83	2129.83	2129.83
271.85	2048.45	2048.45	2048.45	2048.45	2048.45	2048.45	2048.45	2048.45
271.8	2089.11	2089.11	2089.11	2089.11	2089.11	2089.11	2089.11	2089.11
271.75	2100.54	2100.54	2100.54	2100.54	2100.54	2100.54	2100.54	2100.54
271.7	2079.72	2079.72	2079.72	2079.72	2079.72	2079.72	2079.72	2079.72
271.65	2090.74	2090.74	2090.74	2090.74	2090.74	2090.74	2090.74	2090.74
271.6	2088.67	2088.67	2088.67	2088.67	2088.67	2088.67	2088.67	2088.67
271.55	2065.49	2065.49	2065.49	2065.49	2065.49	2065.49	2065.49	2065.49
271.5	2092.9	2092.9	2092.9	2092.9	2092.9	2092.9	2092.9	2092.9
271.45	2123.85	2123.85	2123.85	2123.85	2123.85	2123.85	2123.85	2123.85
271.4	2074.24	2074.24	2074.24	2074.24	2074.24	2074.24	2074.24	2074.24
271.35	2110.24	2110.24	2110.24	2110.24	2110.24	2110.24	2110.24	2110.24
271.3	2092.67	2092.67	2092.67	2092.67	2092.67	2092.67	2092.67	2092.67
271.25	2084.52	2084.52	2084.52	2084.52	2084.52	2084.52	2084.52	2084.52
271.2	2098.6	2098.6	2098.6	2098.6	2098.6	2098.6	2098.6	2098.6
271.15	2127.65	2127.65	2127.65	2127.65	2127.65	2127.65	2127.65	2127.65
271.1	2144.93	2144.93	2144.93	2144.93	2144.93	2144.93	2144.93	2144.93
271.05	2094.84	2094.84	2094.84	2094.84	2094.84	2094.84	2094.84	2094.84
271	2104.96	2104.96	2104.96	2104.96	2104.96	2104.96	2104.96	2104.96
270.95	2065.82	2065.82	2065.82	2065.82	2065.82	2065.82	2065.82	2065.82
270.9	2031.47	2031.47	2031.47	2031.47	2031.47	2031.47	2031.47	2031.47
270.85	2061.75	2061.75	2061.75	2061.75	2061.75	2061.75	2061.75	2061.75
270.8	2047.6	2047.6	2047.6	2047.6	2047.6	2047.6	2047.6	2047.6
270.75	2086.24	2086.24	2086.24	2086.24	2086.24	2086.24	2086.24	2086.24
270.7	2078.6	2078.6	2078.6	2078.6	2078.6	2078.6	2078.6	2078.6
270.65	2097.29	2097.29	2097.29	2097.29	2097.29	2097.29	2097.29	2097.29
270.6	2067.65	2067.65	2067.65	2067.65	2067.65	2067.65	2067.65	2067.65
270.55	2028.36	2028.36	2028.36	2028.36	2028.36	2028.36	2028.36	2028.36
270.5	2010.73	2010.73	2010.73	2010.73	2010.73	2010.73	2010.73	2010.73
270.45	2064.98	2064.98	2064.98	2064.98	2064.98	2064.98	2064.98	2064.98
270.4	2100.02	2100.02	2100.02	2100.02	2100.02	2100.02	2100.02	2100.02
270.35	2062.31	2062.31	2062.31	2062.31	2062.31	2062.31	2062.31	2062.31
270.3	2090.23	2090.23	2090.23	2090.23	2090.23	2090.23	2090.23	2090.23
270.25	2070.23	2070.23	2070.23	2070.23	2070.23	2070.23	2070.23	2070.23
270.2	2050.87	2050.87	2050.87	2050.87	2050.87	2050.87	2050.87	2050.87
270.15	2055.21	2055.21	2055.21	2055.21	2055.21	2055.21	2055.21	2055.21
270.1	2074.73	2074.73	2074.73	2074.73	2074.73	2074.73	2074.73	2074.73
270.05	2089.63	2089.63	2089.63	2089.63	2089.63	2089.63	2089.63	2089.63
270	2054.06	2054.06	2054.06	2054.06	2054.06	2054.06	2054.06	2054.06
269.95	2070.89	2070.89	2070.89	2070.89	2070.89	2070.89	2070.89	2070.89
269.9	2065.52	2065.52	2065.52	2065.52	2065.52	2065.52	2065.52	2065.52
269.85	2041.16	2041.16	2041.16	2041.16	2041.16	2041.16	2041.16	2041.16
269.8	2043.7	2043.7	2043.7	2043.7	2043.7	2043.7	2043.7	2043.7
269.75	2029.72	2029.72	2029.72	2029.72	2029.72	2029.72	2029.72	2029.72
269.7	2024.61	2024.61	2024.61	2024.61	2024.61	2024.61	2024.61	2024.61
269.65	2061.69	2061.69	2061.69	2061.69	2061.69	2061.69	2061.69	2061.69
269.6	2049.56	2049.56	2049.56	2049.56	2049.56	2049.56	2049.56	2049.56
269.55	2057.11	2057.11	2057.11	2057.11	2057.11	2057.11	2057.11	2057.11
269.5	2074.66	2074.66	2074.66	2074.66	2074.66	2074.66	2074.66	2074.66
269.45	2036.38	2036.38	2036.38	2036.38	2036.38	2036.38	2036.38	2036.38
269.4	2050.4	2050.4	2050.4	2050.4	2050.4	2050.4	2050.4	2050.4
269.35	2069.96	2069.96	2069.96	2069.96	2069.96	2069.96	2069.96	2069.96
269.3	2068.61	2068.61	2068.61	2068.61	2068.61	2068.61	2068.61	2068.61
269.25	2091.58	2091.58	2091.58	2091.58	2091.58	2091.58	2091.58	2091.58
269.2	2055.9	2055.9	2055.9	2055.9	2055.9	2055.9	2055.9	2055.9
269.15	2035.1	2035.1	2035.1	2035.1	2035.1	2035.1	2035.1	2035.1
269.1	2034.72	2034.72	2034.72	2034.72	2034.72	2034.72	2034.72	2034.72
269.05	2082.44	2082.44	2082.44	2082.44	2082.44	2082.44	2082.44	2082.44
269	2042.1	2042.1	2042.1	2042.1	2042.1	2042.1	2042.1	2042.1
268.95	2059.77	2059.77	2059.77	2059.77	2059.77	2059.77	2059.77	2059.77
268.9	2067.86	2067.86	2067.86	2067.86	2067.86	2067.86	2067.86	2067.86
268.85	2060.29	2060.29	2060.29	2060.29	2060.29	2060.29	2060.29	2060.29
268.8	2061.1	2061.1	2061.1	2061.1	2061.1	2061.1	2061.1	2061.1
268.75	2061.54	2061.54	2061.54	2061.54	2061.54	2061.54	2061.54	2061.54
268.7	2006.73	2006.73	2006.73	2006.73	2006.73	2006.73	2006.73	2006.73
268.65	2066.33	2066.33	2066.33	2066.33	2066.33	2066.33	2066.33	2066.33
268.6	1995.68	1995.68	1995.68	1995.68	1995.68	1995.68	1995.68	1995.68
268.55	2058.89	2058.89	2058.89	2058.89	2058.89	2058.89	2058.89	2058.89
268.5	2069.76	2069.76	2069.76	2069.76	2069.76	2069.76	2069.76	2069.76
268.45	1994.95	1994.95	1994.95	1994.95	1994.95	1994.95	1994.95	1994.95
268.4	2030.44	2030.44	2030.44	2030.44	2030.44	2030.44	2030.44	2030.44
268.35	2075.58	2075.58	2075.58	2075.58	2075.58	2075.58	2075.58	2075.58
268.3	2030.38	2030.38	2030.38	2030.38	2030.38	2030.38	2030.38	2030.38
268.25	2032.82	2032.82	2032.82	2032.82	2032.82	2032.82	2032.82	2032.82
268.2	2044.22	2044.22	2044.22	2044.22	2044.22	2044.22	2044.22	2044.22
268.15	2029.05	2029.05	2029.05	2029.05	2029.05	2029.05	2029.05	2029.05
268.1	2061.54	2061.54	2061.54	2061.54	2061.54	2061.54	2061.54	2061.54
268.05	2063.95	2063.95	2063.95	2063.95	2063.95	2063.95	2063.95	2063.95
268	2032.55	2032.55	2032.55	2032.55	2032.55	2032.55	2032.55	2032.55
267.95	2025.94	2025.94	2025.94	2025.94	2025.94	2025.94	2025.94	2025.94
267.9	2022.1	2022.1	2022.1	2022.1	2022.1	2022.1	2022.1	2022.1
267.85	1997.34	1997.34	1997.34	1997.34	1997.34	1997.34	1997.34	1997.34
267.8	2036.91	2036.91	2036.91	2036.91	2036.91	2036.91	2036.91	2036.91
267.75	2011.68	2011.68	2011.68	2011.68	2011.68	2011.68	2011.68	2011.68
267.7	1986.61	1986.61	1986.61	1986.61	1986.61	1986.61	1986.61	1986.61
267.65	2013.29	2013.29	2013.29	2013.29	2013.29	2013.29	2013.29	2013.29
267.6	2033.88	2033.88	2033.88	2033.88	2033.88	2033.88	2033.88	2033.88
267.55	2048.67	2048.67	2048.67	2048.67	2048.67	2048.67	2048.67	2048.67
267.5	2036.6	2036.6	2036.6	2036.6	2036.6	2036.6	2036.6	2036.6
267.45	1995.52	1995.52	1995.52	1995.52	1995.52	1995.52	1995.52	1995.52
267.4	2019.69	2019.69	2019.69	2019.69	2019.69	2019.69	2019.69	2019.69
267.35	2018.38	2018.38	2018.38	2018.38	2018.38	2018.38	2018.38	2018.38
267.3	2005	2005	2005	2005	2005	2005	2005	2005
267.25	2009.92	2009.92	2009.92	2009.92	2009.92	2009.92	2009.92	2009.92
267.2	2039.84	2039.84	2039.84	2039.84	2039.84	2039.84	2039.84	2039.84
267.15	2008.82	2008.82	2008.82	2008.82	2008.82	2008.82	2008.82	2008.82
267.1	1983.92	1983.92	1983.92	1983.92	1983.92	1983.92	1983.92	1983.92
267.05	2015.17	2015.17	2015.17	2015.17	2015.17	2015.17	2015.17	2015.17
267	2018.33	2018.33	2018.33	2018.33	2018.33	2018.33	2018.33	2018.33
266.95	2023.83	2023.83	2023.83	2023.83	2023.83	2023.83	2023.83	2023.83
266.9	2012.69	2012.69	2012.69	2012.69	2012.69	2012.69	2012.69	2012.69
266.85	2019.2	2019.2	2019.2	2019.2	2019.2	2019.2	2019.2	2019.2
266.8	2026.31	2026.31	2026.31	2026.31	2026.31	2026.31	2026.31	2026.31
266.75	1999.65	1999.65	1999.65	1999.65	1999.65	1999.65	1999.65	1999.65
266.7	2002.14	2002.14	2002.14	2002.14	2002.14	2002.14	2002.14	2002.14
266.65	2025.28	2025.28	2025.28	2025.28	2025.28	2025.28	2025.28	2025.28
266.6	2035.68	2035.68	2035.68	2035.68	2035.68	2035.68	2035.68	2035.68
266.55	2010.69	2010.69	2010.69	2010.69	2010.69	2010.69	2010.69	2010.69
266.5	2052.65	2052.65	2052.65	2052.65	2052.65	2052.65	2052.65	2052.65
266.45	2006.67	2006.67	2006.67	2006.67	2006.67	2006.67	2006.67	2006.67
266.4	1986.19	1986.19	1986.19	1986.19	1986.19	1986.19	1986.19	1986.19
266.35	2031.43	2031.43	2031.43	2031.43	2031.43	2031.43	2031.43	2031.43
266.3	2047.82	2047.82	2047.82	2047.82	2047.82	2047.82	2047.82	2047.82
266.25	2013.55	2013.55	2013.55	2013.55	2013.55	2013.55	2013.55	2013.55
266.2	2031.32	2031.32	2031.32	2031.32	2031.32	2031.32	2031.32	2031.32
266.15	2009.65	2009.65	2009.65	2009.65	2009.65	2009.65	2009.65	2009.65
266.1	2011.88	2011.88	2011.88	2011.88	2011.88	2011.88	2011.88	2011.88
266.05	2032.25	2032.25	2032.25	2032.25	2032.25	2032.25	2032.25	2032.25
266	2033.38	2033.38	2033.38	2033.38	2033.38	2033.38	2033.38	2033.38
265.95	2039.14	2039.14	2039.14	2039.14	2039.14	2039.14	2039.14	2039.14
265.9	2018.89	2018.89	2018.89	2018.89	2018.89	2018.89	2018.89	2018.89
265.85	2030.41	2030.41	2030.41	2030.41	2030.41	2030.41	2030.41	2030.41
265.8	1987.86	1987.86	1987.86	1987.86	1987.86	1987.86	1987.86	1987.86
265.75	2038.99	2038.99	2038.99	2038.99	2038.99	2038.99	2038.99	2038.99
265.7	2020.96	2020.96	2020.96	2020.96	2020.96	2020.96	2020.96	2020.96
265.65	2026.38	2026.38	2026.38	2026.38	2026.38	2026.38	2026.38	2026.38
265.6	2048.86	2048.86	2048.86	2048.86	2048.86	2048.86	2048.86	2048.86
265.55	2069.3	2069.3	2069.3	2069.3	2069.3	2069.3	2069.3	2069.3
265.5	2046.58	2046.58	2046.58	2046.58	2046.58	2046.58	2046.58	2046.58
265.45	1998.44	1998.44	1998.44	1998.44	1998.44	1998.44	1998.44	1998.44
265.4	2057.17	2057.17	2057.17	2057.17	2057.17	2057.17	2057.17	2057.17
265.35	2039.3	2039.3	2039.3	2039.3	2039.3	2039.3	2039.3	2039.3
265.3	2038.33	2038.33	2038.33	2038.33	2038.33	2038.33	2038.33	2038.33
265.25	2026.04	2026.04	2026.04	2026.04	2026.04	2026.04	2026.04	2026.04
265.2	2013.12	2013.12	2013.12	2013.12	2013.12	2013.12	2013.12	2013.12
265.15	2026.37	2026.37	2026.37	2026.37	2026.37	2026.37	2026.37	2026.37
265.1	2044.35	2044.35	2044.35	2044.35	2044.35	2044.35	2044.35	2044.35
265.05	2017.89	2017.89	2017.89	2017.89	2017.89	2017.89	2017.89	2017.89
265	2075.75	2075.75	2075.75	2075.75	2075.75	2075.75	2075.75	2075.75
264.95	2081.11	2081.11	2081.11	2081.11	2081.11	2081.11	2081.11	2081.11
264.9	2052.31	2052.31	2052.31	2052.31	2052.31	2052.31	2052.31	2052.31
264.85	2074.5	2074.5	2074.5	2074.5	2074.5	2074.5	2074.5	2074.5
264.8	2052.62	2052.62	2052.62	2052.62	2052.62	2052.62	2052.62	2052.62
264.75	2067.6	2067.6	2067.6	2067.6	2067.6	2067.6	2067.6	2067.6
264.7	2072.43	2072.43	2072.43	2072.43	2072.43	2072.43	2072.43	2072.43
264.65	2060.9	2060.9	2060.9	2060.9	2060.9	2060.9	2060.9	2060.9
264.6	1994.74	1994.74	1994.74	1994.74	1994.74	1994.74	1994.74	1994.74
264.55	2040.15	2040.15	2040.15	2040.15	2040.15	2040.15	2040.15	2040.15
264.5	2056.56	2056.56	2056.56	2056.56	2056.56	2056.56	2056.56	2056.56
264.45	2016.88	2016.88	2016.88	2016.88	2016.88	2016.88	2016.88	2016.88
264.4	2052.65	2052.65	2052.65	2052.65	2052.65	2052.65	2052.65	2052.65
264.35	2032.11	2032.11	2032.11	2032.11	2032.11	2032.11	2032.11	2032.11
264.3	2067.78	2067.78	2067.78	2067.78	2067.78	2067.78	2067.78	2067.78
264.25	2089.28	2089.28	2089.28	2089.28	2089.28	2089.28	2089.28	2089.28
264.2	2065.6	2065.6	2065.6	2065.6	2065.6	2065.6	2065.6	2065.6
264.15	2021.39	2021.39	2021.39	2021.39	2021.39	2021.39	2021.39	2021.39
264.1	2048.76	2048.76	2048.76	2048.76	2048.76	2048.76	2048.76	2048.76
264.05	2042.98	2042.98	2042.98	2042.98	2042.98	2042.98	2042.98	2042.98
264	2026.28	2026.28	2026.28	2026.28	2026.28	2026.28	2026.28	2026.28
263.95	2063.4	2063.4	2063.4	2063.4	2063.4	2063.4	2063.4	2063.4
263.9	2054.93	2054.93	2054.93	2054.93	2054.93	2054.93	2054.93	2054.93
263.85	2016.81	2016.81	2016.81	2016.81	2016.81	2016.81	2016.81	2016.81
263.8	2085.63	2085.63	2085.63	2085.63	2085.63	2085.63	2085.63	2085.63
263.75	2068.42	2068.42	2068.42	2068.42	2068.42	2068.42	2068.42	2068.42
263.7	2058.57	2058.57	2058.57	2058.57	2058.57	2058.57	2058.57	2058.57
263.65	2063.22	2063.22	2063.22	2063.22	2063.22	2063.22	2063.22	2063.22
263.6	2084.76	2084.76	2084.76	2084.76	2084.76	2084.76	2084.76	2084.76
263.55	2084.95	2084.95	2084.95	2084.95	2084.95	2084.95	2084.95	2084.95
263.5	2050.92	2050.92	2050.92	2050.92	2050.92	2050.92	2050.92	2050.92
263.45	2089.1	2089.1	2089.1	2089.1	2089.1	2089.1	2089.1	2089.1
263.4	2086.61	2086.61	2086.61	2086.61	2086.61	2086.61	2086.61	2086.61
263.35	2077.69	2077.69	2077.69	2077.69	2077.69	2077.69	2077.69	2077.69
263.3	2073.08	2073.08	2073.08	2073.08	2073.08	2073.08	2073.08	2073.08
263.25	2074.77	2074.77	2074.77	2074.77	2074.77	2074.77	2074.77	2074.77
263.2	2064.99	2064.99	2064.99	2064.99	2064.99	2064.99	2064.99	2064.99
263.15	2014.81	2014.81	2014.81	2014.81	2014.81	2014.81	2014.81	2014.81
263.1	2109.35	2109.35	2109.35	2109.35	2109.35	2109.35	2109.35	2109.35
263.05	2084.11	2084.11	2084.11	2084.11	2084.11	2084.11	2084.11	2084.11
263	2067.82	2067.82	2067.82	2067.82	2067.82	2067.82	2067.82	2067.82
262.95	2074.5	2074.5	2074.5	2074.5	2074.5	2074.5	2074.5	2074.5
262.9	2085.95	2085.95	2085.95	2085.95	2085.95	2085.95	2085.95	2085.95
262.85	2083.08	2083.08	2083.08	2083.08	2083.08	2083.08	2083.08	2083.08
262.8	2101.56	2101.56	2101.56	2101.56	2101.56	2101.56	2101.56	2101.56
262.75	2073.38	2073.38	2073.38	2073.38	2073.38	2073.38	2073.38	2073.38
262.7	2084.74	2084.74	2084.74	2084.74	2084.74	2084.74	2084.74	2084.74
262.65	2062.3	2062.3	2062.3	2062.3	2062.3	2062.3	2062.3	2062.3
262.6	2118.88	2118.88	2118.88	2118.88	2118.88	2118.88	2118.88	2118.88
262.55	2102.9	2102.9	2102.9	2102.9	2102.9	2102.9	2102.9	2102.9
262.5	2116.94	2116.94	2116.94	2116.94	2116.94	2116.94	2116.94	2116.94
262.45	2083.05	2083.05	2083.05	2083.05	2083.05	2083.05	2083.05	2083.05
262.4	2061.88	2061.88	2061.88	2061.88	2061.88	2061.88	2061.88	2061.88
262.35	2075.13	2075.13	2075.13	2075.13	2075.13	2075.13	2075.13	2075.13
262.3	2089.94	2089.94	2089.94	2089.94	2089.94	2089.94	2089.94	2089.94
262.25	2088.54	2088.54	2088.54	2088.54	2088.54	2088.54	2088.54	2088.54
262.2	2138.42	2138.42	2138.42	2138.42	2138.42	2138.42	2138.42	2138.42
262.15	2100.18	2100.18	2100.18	2100.18	2100.18	2100.18	2100.18	2100.18
262.1	2100.14	2100.14	2100.14	2100.14	2100.14	2100.14	2100.14	2100.14
262.05	2091.15	2091.15	2091.15	2091.15	2091.15	2091.15	2091.15	2091.15
262	2071.81	2071.81	2071.81	2071.81	2071.81	2071.81	2071.81	2071.81
261.95	2083.05	2083.05	2083.05	2083.05	2083.05	2083.05	2083.05	2083.05
261.9	2105.06	2105.06	2105.06	2105.06	2105.06	2105.06	2105.06	2105.06
261.85	2104.48	2104.48	2104.48	2104.48	2104.48	2104.48	2104.48	2104.48
261.8	2097.67	2097.67	2097.67	2097.67	2097.67	2097.67	2097.67	2097.67
261.75	2153.23	2153.23	2153.23	2153.23	2153.23	2153.23	2153.23	2153.23
261.7	2099.12	2099.12	2099.12	2099.12	2099.12	2099.12	2099.12	2099.12
261.65	2130.53	2130.53	2130.53	2130.53	2130.53	2130.53	2130.53	2130.53
261.6	2098.04	2098.04	2098.04	2098.04	2098.04	2098.04	2098.04	2098.04
261.55	2128.77	2128.77	2128.77	2128.77	2128.77	2128.77	2128.77	2128.77
261.5	2097.93	2097.93	2097.93	2097.93	2097.93	2097.93	2097.93	2097.93
261.45	2102.48	2102.48	2102.48	2102.48	2102.48	2102.48	2102.48	2102.48
261.4	2155.8	2155.8	2155.8	2155.8	2155.8	2155.8	2155.8	2155.8
261.35	2166.71	2166.71	2166.71	2166.71	2166.71	2166.71	2166.71	2166.71
261.3	2145.52	2145.52	2145.52	2145.52	2145.52	2145.52	2145.52	2145.52
261.25	2125.02	2125.02	2125.02	2125.02	2125.02	2125.02	2125.02	2125.02
261.2	2116.36	2116.36	2116.36	2116.36	2116.36	2116.36	2116.36	2116.36
261.15	2144.02	2144.02	2144.02	2144.02	2144.02	2144.02	2144.02	2144.02
261.1	2165.47	2165.47	2165.47	2165.47	2165.47	2165.47	2165.47	2165.47
261.05	2128.4	2128.4	2128.4	2128.4	2128.4	2128.4	2128.4	2128.4
261	2142.87	2142.87	2142.87	2142.87	2142.87	2142.87	2142.87	2142.87
260.95	2145.45	2145.45	2145.45	2145.45	2145.45	2145.45	2145.45	2145.45
260.9	2127.34	2127.34	2127.34	2127.34	2127.34	2127.34	2127.34	2127.34
260.85	2132.59	2132.59	2132.59	2132.59	2132.59	2132.59	2132.59	2132.59
260.8	2161.2	2161.2	2161.2	2161.2	2161.2	2161.2	2161.2	2161.2
260.75	2150.62	2150.62	2150.62	2150.62	2150.62	2150.62	2150.62	2150.62
260.7	2123.62	2123.62	2123.62	2123.62	2123.62	2123.62	2123.62	2123.62
260.65	2134.05	2134.05	2134.05	2134.05	2134.05	2134.05	2134.05	2134.05
260.6	2144.81	2144.81	2144.81	2144.81	2144.81	2144.81	2144.81	2144.81
260.55	2136.01	2136.01	2136.01	2136.01	2136.01	2136.01	2136.01	2136.01
260.5	2128.76	2128.76	2128.76	2128.76	2128.76	2128.76	2128.76	2128.76
260.45	2151.61	2151.61	2151.61	2151.61	2151.61	2151.61	2151.61	2151.61
260.4	2195.64	2195.64	2195.64	2195.64	2195.64	2195.64	2195.64	2195.64
260.35	2207.27	2207.27	2207.27	2207.27	2207.27	2207.27	2207.27	2207.27
260.3	2199.86	2199.86	2199.86	2199.86	2199.86	2199.86	2199.86	2199.86
260.25	2217.22	2217.22	2217.22	2217.22	2217.22	2217.22	2217.22	2217.22
260.2	2192.26	2192.26	2192.26	2192.26	2192.26	2192.26	2192.26	2192.26
260.15	2178.94	2178.94	2178.94	2178.94	2178.94	2178.94	2178.94	2178.94
260.1	2172.29	2172.29	2172.29	2172.29	2172.29	2172.29	2172.29	2172.29
260.05	2178.47	2178.47	2178.47	2178.47	2178.47	2178.47	2178.47	2178.47
260	2166.38	2166.38	2166.38	2166.38	2166.38	2166.38	2166.38	2166.38
259.95	2161.1	2161.1	2161.1	2161.1	2161.1	2161.1	2161.1	2161.1
259.9	2223.75	2223.75	2223.75	2223.75	2223.75	2223.75	2223.75	2223.75
259.85	2225.1	2225.1	2225.1	2225.1	2225.1	2225.1	2225.1	2225.1
259.8	2158.82	2158.82	2158.82	2158.82	2158.82	2158.82	2158.82	2158.82
259.75	2223.47	2223.47	2223.47	2223.47	2223.47	2223.47	2223.47	2223.47
259.7	2198.42	2198.42	2198.42	2198.42	2198.42	2198.42	2198.42	2198.42
259.65	2219.01	2219.01	2219.01	2219.01	2219.01	2219.01	2219.01	2219.01
259.6	2220.95	2220.95	2220.95	2220.95	2220.95	2220.95	2220.95	2220.95
259.55	2232.78	2232.78	2232.78	2232.78	2232.78	2232.78	2232.78	2232.78
259.5	2212.67	2212.67	2212.67	2212.67	2212.67	2212.67	2212.67	2212.67
259.45	2239.36	2239.36	2239.36	2239.36	2239.36	2239.36	2239.36	2239.36
259.4	2199.94	2199.94	2199.94	2199.94	2199.94	2199.94	2199.94	2199.94
259.35	2211.93	2211.93	2211.93	2211.93	2211.93	2211.93	2211.93	2211.93
259.3	2209.15	2209.15	2209.15	2209.15	2209.15	2209.15	2209.15	2209.15
259.25	2238.99	2238.99	2238.99	2238.99	2238.99	2238.99	2238.99	2238.99
259.2	2199.98	2199.98	2199.98	2199.98	2199.98	2199.98	2199.98	2199.98
259.15	2234.94	2234.94	2234.94	2234.94	2234.94	2234.94	2234.94	2234.94
259.1	2237.65	2237.65	2237.65	2237.65	2237.65	2237.65	2237.65	2237.65
259.05	2219.24	2219.24	2219.24	2219.24	2219.24	2219.24	2219.24	2219.24
259	2246.56	2246.56	2246.56	2246.56	2246.56	2246.56	2246.56	2246.56
258.95	2273.64	2273.64	2273.64	2273.64	2273.64	2273.64	2273.64	2273.64
258.9	2243.4	2243.4	2243.4	2243.4	2243.4	2243.4	2243.4	2243.4
258.85	2209.73	2209.73	2209.73	2209.73	2209.73	2209.73	2209.73	2209.73
258.8	2252.24	2252.24	2252.24	2252.24	2252.24	2252.24	2252.24	2252.24
258.75	2236.75	2236.75	2236.75	2236.75	2236.75	2236.75	2236.75	2236.75
258.7	2253.34	2253.34	2253.34	2253.34	2253.34	2253.34	2253.34	2253.34
258.65	2253.33	2253.33	2253.33	2253.33	2253.33	2253.33	2253.33	2253.33
258.6	2294.44	2294.44	2294.44	2294.44	2294.44	2294.44	2294.44	2294.44
258.55	2266.12	2266.12	2266.12	2266.12	2266.12	2266.12	2266.12	2266.12
258.5	2275.9	2275.9	2275.9	2275.9	2275.9	2275.9	2275.9	2275.9
258.45	2285.18	2285.18	2285.18	2285.18	2285.18	2285.18	2285.18	2285.18
258.4	2296.4	2296.4	2296.4	2296.4	2296.4	2296.4	2296.4	2296.4
258.35	2296.64	2296.64	2296.64	2296.64	2296.64	2296.64	2296.64	2296.64
258.3	2302.24	2302.24	2302.24	2302.24	2302.24	2302.24	2302.24	2302.24
258.25	2277.98	2277.98	2277.98	2277.98	2277.98	2277.98	2277.98	2277.98
258.2	2331.19	2331.19	2331.19	2331.19	2331.19	2331.19	2331.19	2331.19
258.15	2299.45	2299.45	2299.45	2299.45	2299.45	2299.45	2299.45	2299.45
258.1	2295.6	2295.6	2295.6	2295.6	2295.6	2295.6	2295.6	2295.6
258.05	2292.12	2292.12	2292.12	2292.12	2292.12	2292.12	2292.12	2292.12
258	2278.9	2278.9	2278.9	2278.9	2278.9	2278.9	2278.9	2278.9
257.95	2282.27	2282.27	2282.27	2282.27	2282.27	2282.27	2282.27	2282.27
257.9	2340.17	2340.17	2340.17	2340.17	2340.17	2340.17	2340.17	2340.17
257.85	2325.63	2325.63	2325.63	2325.63	2325.63	2325.63	2325.63	2325.63
257.8	2318.28	2318.28	2318.28	2318.28	2318.28	2318.28	2318.28	2318.28
257.75	2322.4	2322.4	2322.4	2322.4	2322.4	2322.4	2322.4	2322.4
257.7	2350.45	2350.45	2350.45	2350.45	2350.45	2350.45	2350.45	2350.45
257.65	2355.47	2355.47	2355.47	2355.47	2355.47	2355.47	2355.47	2355.47
257.6	2377.3	2377.3	2377.3	2377.3	2377.3	2377.3	2377.3	2377.3
257.55	2337.63	2337.63	2337.63	2337.63	2337.63	2337.63	2337.63	2337.63
257.5	2376.62	2376.62	2376.62	2376.62	2376.62	2376.62	2376.62	2376.62
257.45	2337.46	2337.46	2337.46	2337.46	2337.46	2337.46	2337.46	2337.46
257.4	2362.21	2362.21	2362.21	2362.21	2362.21	2362.21	2362.21	2362.21
257.35	2335.01	2335.01	2335.01	2335.01	2335.01	2335.01	2335.01	2335.01
257.3	2377.79	2377.79	2377.79	2377.79	2377.79	2377.79	2377.79	2377.79
257.25	2384.05	2384.05	2384.05	2384.05	2384.05	2384.05	2384.05	2384.05
257.2	2378.91	2378.91	2378.91	2378.91	2378.91	2378.91	2378.91	2378.91
257.15	2366.21	2366.21	2366.21	2366.21	2366.21	2366.21	2366.21	2366.21
257.1	2338.3	2338.3	2338.3	2338.3	2338.3	2338.3	2338.3	2338.3
257.05	2399.56	2399.56	2399.56	2399.56	2399.56	2399.56	2399.56	2399.56
257	2342.04	2342.04	2342.04	2342.04	2342.04	2342.04	2342.04	2342.04
256.95	2395.93	2395.93	2395.93	2395.93	2395.93	2395.93	2395.93	2395.93
256.9	2432.45	2432.45	2432.45	2432.45	2432.45	2432.45	2432.45	2432.45
256.85	2420.05	2420.05	2420.05	2420.05	2420.05	2420.05	2420.05	2420.05
256.8	2387.2	2387.2	2387.2	2387.2	2387.2	2387.2	2387.2	2387.2
256.75	2398.12	2398.12	2398.12	2398.12	2398.12	2398.12	2398.12	2398.12
256.7	2441.35	2441.35	2441.35	2441.35	2441.35	2441.35	2441.35	2441.35
256.65	2421.72	2421.72	2421.72	2421.72	2421.72	2421.72	2421.72	2421.72
256.6	2402.12	2402.12	2402.12	2402.12	2402.12	2402.12	2402.12	2402.12
256.55	2433.63	2433.63	2433.63	2433.63	2433.63	2433.63	2433.63	2433.63
256.5	2413.91	2413.91	2413.91	2413.91	2413.91	2413.91	2413.91	2413.91
256.45	2496.78	2496.78	2496.78	2496.78	2496.78	2496.78	2496.78	2496.78
256.4	2487.13	2487.13	2487.13	2487.13	2487.13	2487.13	2487.13	2487.13
256.35	2475.83	2475.83	2475.83	2475.83	2475.83	2475.83	2475.83	2475.83
256.3	2453.42	2453.42	2453.42	2453.42	2453.42	2453.42	2453.42	2453.42
256.25	2435.31	2435.31	2435.31	2435.31	2435.31	2435.31	2435.31	2435.31
256.2	2415.01	2415.01	2415.01	2415.01	2415.01	2415.01	2415.01	2415.01
256.15	2471.71	2471.71	2471.71	2471.71	2471.71	2471.71	2471.71	2471.71
256.1	2477.11	2477.11	2477.11	2477.11	2477.11	2477.11	2477.11	2477.11
256.05	2474.62	2474.62	2474.62	2474.62	2474.62	2474.62	2474.62	2474.62
256	2480.49	2480.49	2480.49	2480.49	2480.49	2480.49	2480.49	2480.49
255.95	2513.28	2513.28	2513.28	2513.28	2513.28	2513.28	2513.28	2513.28
255.9	2501.52	2501.52	2501.52	2501.52	2501.52	2501.52	2501.52	2501.52
255.85	2481.6	2481.6	2481.6	2481.6	2481.6	2481.6	2481.6	2481.6
255.8	2445.08	2445.08	2445.08	2445.08	2445.08	2445.08	2445.08	2445.08
255.75	2426.96	2426.96	2426.96	2426.96	2426.96	2426.96	2426.96	2426.96
255.7	2472.73	2472.73	2472.73	2472.73	2472.73	2472.73	2472.73	2472.73
255.65	2472.95	2472.95	2472.95	2472.95	2472.95	2472.95	2472.95	2472.95
255.6	2501.67	2501.67	2501.67	2501.67	2501.67	2501.67	2501.67	2501.67
255.55	2463.03	2463.03	2463.03	2463.03	2463.03	2463.03	2463.03	2463.03
255.5	2477.49	2477.49	2477.49	2477.49	2477.49	2477.49	2477.49	2477.49
255.45	2483.34	2483.34	2483.34	2483.34	2483.34	2483.34	2483.34	2483.34
255.4	2464.14	2464.14	2464.14	2464.14	2464.14	2464.14	2464.14	2464.14
255.35	2501.93	2501.93	2501.93	2501.93	2501.93	2501.93	2501.93	2501.93
255.3	2537.56	2537.56	2537.56	2537.56	2537.56	2537.56	2537.56	2537.56
255.25	2530.3	2530.3	2530.3	2530.3	2530.3	2530.3	2530.3	2530.3
255.2	2500.09	2500.09	2500.09	2500.09	2500.09	2500.09	2500.09	2500.09
255.15	2516.54	2516.54	2516.54	2516.54	2516.54	2516.54	2516.54	2516.54
255.1	2495.54	2495.54	2495.54	2495.54	2495.54	2495.54	2495.54	2495.54
255.05	2508.38	2508.38	2508.38	2508.38	2508.38	2508.38	2508.38	2508.38
255	2518.56	2518.56	2518.56	2518.56	2518.56	2518.56	2518.56	2518.56
254.95	2474.29	2474.29	2474.29	2474.29	2474.29	2474.29	2474.29	2474.29
254.9	2503.92	2503.92	2503.92	2503.92	2503.92	2503.92	2503.92	2503.92
254.85	2501.13	2501.13	2501.13	2501.13	2501.13	2501.13	2501.13	2501.13
254.8	2547.04	2547.04	2547.04	2547.04	2547.04	2547.04	2547.04	2547.04
254.75	2524.51	2524.51	2524.51	2524.51	2524.51	2524.51	2524.51	2524.51
254.7	2504.91	2504.91	2504.91	2504.91	2504.91	2504.91	2504.91	2504.91
254.65	2499.14	2499.14	2499.14	2499.14	2499.14	2499.14	2499.14	2499.14
254.6	2514.77	2514.77	2514.77	2514.77	2514.77	2514.77	2514.77	2514.77
254.55	2527.11	2527.11	2527.11	2527.11	2527.11	2527.11	2527.11	2527.11
254.5	2553.86	2553.86	2553.86	2553.86	2553.86	2553.86	2553.86	2553.86
254.45	2579.82	2579.82	2579.82	2579.82	2579.82	2579.82	2579.82	2579.82
254.4	2543.52	2543.52	2543.52	2543.52	2543.52	2543.52	2543.52	2543.52
254.35	2581.66	2581.66	2581.66	2581.66	2581.66	2581.66	2581.66	2581.66
254.3	2523.58	2523.58	2523.58	2523.58	2523.58	2523.58	2523.58	2523.58
254.25	2535.92	2535.92	2535.92	2535.92	2535.92	2535.92	2535.92	2535.92
254.2	2492.81	2492.81	2492.81	2492.81	2492.81	2492.81	2492.81	2492.81
254.15	2536.43	2536.43	2536.43	2536.43	2536.43	2536.43	2536.43	2536.43
254.1	2543.94	2543.94	2543.94	2543.94	2543.94	2543.94	2543.94	2543.94
254.05	2557.44	2557.44	2557.44	2557.44	2557.44	2557.44	2557.44	2557.44
254	2551.95	2551.95	2551.95	2551.95	2551.95	2551.95	2551.95	2551.95
253.95	2551.28	2551.28	2551.28	2551.28	2551.28	2551.28	2551.28	2551.28
253.9	2532.73	2532.73	2532.73	2532.73	2532.73	2532.73	2532.73	2532.73
253.85	2565.98	2565.98	2565.98	2565.98	2565.98	2565.98	2565.98	2565.98
253.8	2540.91	2540.91	2540.91	2540.91	2540.91	2540.91	2540.91	2540.91
253.75	2570.45	2570.45	2570.45	2570.45	2570.45	2570.45	2570.45	2570.45
253.7	2555.85	2555.85	2555.85	2555.85	2555.85	2555.85	2555.85	2555.85
253.65	2525.71	2525.71	2525.71	2525.71	2525.71	2525.71	2525.71	2525.71
253.6	2530.46	2530.46	2530.46	2530.46	2530.46	2530.46	2530.46	2530.46
253.55	2514.37	2514.37	2514.37	2514.37	2514.37	2514.37	2514.37	2514.37
253.5	2544.67	2544.67	2544.67	2544.67	2544.67	2544.67	2544.67	2544.67
253.45	2563.76	2563.76	2563.76	2563.76	2563.76	2563.76	2563.76	2563.76
253.4	2533.06	2533.06	2533.06	2533.06	2533.06	2533.06	2533.06	2533.06
253.35	2539.99	2539.99	2539.99	2539.99	2539.99	2539.99	2539.99	2539.99
253.3	2550.51	2550.51	2550.51	2550.51	2550.51	2550.51	2550.51	2550.51
253.25	2532.12	2532.12	2532.12	2532.12	2532.12	2532.12	2532.12	2532.12
253.2	2569.4	2569.4	2569.4	2569.4	2569.4	2569.4	2569.4	2569.4
253.15	2530.33	2530.33	2530.33	2530.33	2530.33	2530.33	2530.33	2530.33
253.1	2573.92	2573.92	2573.92	2573.92	2573.92	2573.92	2573.92	2573.92
253.05	2567.71	2567.71	2567.71	2567.71	2567.71	2567.71	2567.71	2567.71
253	2527.06	2527.06	2527.06	2527.06	2527.06	2527.06	2527.06	2527.06
252.95	2566.2	2566.2	2566.2	2566.2	2566.2	2566.2	2566.2	2566.2
252.9	2589.15	2589.15	2589.15	2589.15	2589.15	2589.15	2589.15	2589.15
252.85	2570.65	2570.65	2570.65	2570.65	2570.65	2570.65	2570.65	2570.65
252.8	2551.72	2551.72	2551.72	2551.72	2551.72	2551.72	2551.72	2551.72
252.75	2548.68	2548.68	2548.68	2548.68	2548.68	2548.68	2548.68	2548.68
252.7	2566.55	2566.55	2566.55	2566.55	2566.55	2566.55	2566.55	2566.55
252.65	2575.9	2575.9	2575.9	2575.9	2575.9	2575.9	2575.9	2575.9
252.6	2567.39	2567.39	2567.39	2567.39	2567.39	2567.39	2567.39	2567.39
252.55	2515.71	2515.71	2515.71	2515.71	2515.71	2515.71	2515.71	2515.71
252.5	2565.49	2565.49	2565.49	2565.49	2565.49	2565.49	2565.49	2565.49
252.45	2567.43	2567.43	2567.43	2567.43	2567.43	2567.43	2567.43	2567.43
252.4	2524.65	2524.65	2524.65	2524.65	2524.65	2524.65	2524.65	2524.65
252.35	2543.36	2543.36	2543.36	2543.36	2543.36	2543.36	2543.36	2543.36
252.3	2519.32	2519.32	2519.32	2519.32	2519.32	2519.32	2519.32	2519.32
252.25	2548.04	2548.04	2548.04	2548.04	2548.04	2548.04	2548.04	2548.04
252.2	2522.26	2522.26	2522.26	2522.26	2522.26	2522.26	2522.26	2522.26
252.15	2502.39	2502.39	2502.39	2502.39	2502.39	2502.39	2502.39	2502.39
252.1	2521.4	2521.4	2521.4	2521.4	2521.4	2521.4	2521.4	2521.4
252.05	2523	2523	2523	2523	2523	2523	2523	2523
252	2550.29	2550.29	2550.29	2550.29	2550.29	2550.29	2550.29	2550.29
251.95	2545.7	2545.7	2545.7	2545.7	2545.7	2545.7	2545.7	2545.7
251.9	2517.91	2517.91	2517.91	2517.91	2517.91	2517.91	2517.91	2517.91
251.85	2546.25	2546.25	2546.25	2546.25	2546.25	2546.25	2546.25	2546.25
251.8	2536.31	2536.31	2536.31	2536.31	2536.31	2536.31	2536.31	2536.31
251.75	2489.37	2489.37	2489.37	2489.37	2489.37	2489.37	2489.37	2489.37
251.7	2512.35	2512.35	2512.35	2512.35	2512.35	2512.35	2512.35	2512.35
251.65	2508.91	2508.91	2508.91	2508.91	2508.91	2508.91	2508.91	2508.91
251.6	2512.53	2512.53	2512.53	2512.53	2512.53	2512.53	2512.53	2512.53
251.55	2475.76	2475.76	2475.76	2475.76	2475.76	2475.76	2475.76	2475.76
251.5	2491.51	2491.51	2491.51	2491.51	2491.51	2491.51	2491.51	2491.51
251.45	2463.8	2463.8	2463.8	2463.8	2463.8	2463.8	2463.8	2463.8
251.4	2497.31	2497.31	2497.31	2497.31	2497.31	2497.31	2497.31	2497.31
251.35	2486.96	2486.96	2486.96	2486.96	2486.96	2486.96	2486.96	2486.96
251.3	2483.99	2483.99	2483.99	2483.99	2483.99	2483.99	2483.99	2483.99
251.25	2458.01	2458.01	2458.01	2458.01	2458.01	2458.01	2458.01	2458.01
251.2	2485.98	2485.98	2485.98	2485.98	2485.98	2485.98	2485.98	2485.98
251.15	2498.13	2498.13	2498.13	2498.13	2498.13	2498.13	2498.13	2498.13
251.1	2487.91	2487.91	2487.91	2487.91	2487.91	2487.91	2487.91	2487.91
251.05	2484.06	2484.06	2484.06	2484.06	2484.06	2484.06	2484.06	2484.06
251	2451.16	2451.16	2451.16	2451.16	2451.16	2451.16	2451.16	2451.16
250.95	2503.24	2503.24	2503.24	2503.24	2503.24	2503.24	2503.24	2503.24
250.9	2504.96	2504.96	2504.96	2504.96	2504.96	2504.96	2504.96	2504.96
250.85	2489.14	2489.14	2489.14	2489.14	2489.14	2489.14	2489.14	2489.14
250.8	2445.67	2445.67	2445.67	2445.67	2445.67	2445.67	2445.67	2445.67
250.75	2486.09	2486.09	2486.09	2486.09	2486.09	2486.09	2486.09	2486.09
250.7	2488.34	2488.34	2488.34	2488.34	2488.34	2488.34	2488.34	2488.34
250.65	2453.34	2453.34	2453.34	2453.34	2453.34	2453.34	2453.34	2453.34
250.6	2420.98	2420.98	2420.98	2420.98	2420.98	2420.98	2420.98	2420.98
250.55	2420.07	2420.07	2420.07	2420.07	2420.07	2420.07	2420.07	2420.07
250.5	2482.27	2482.27	2482.27	2482.27	2482.27	2482.27	2482.27	2482.27
250.45	2427.56	2427.56	2427.56	2427.56	2427.56	2427.56	2427.56	2427.56
250.4	2425.88	2425.88	2425.88	2425.88	2425.88	2425.88	2425.88	2425.88
250.35	2409.03	2409.03	2409.03	2409.03	2409.03	2409.03	2409.03	2409.03
250.3	2465.11	2465.11	2465.11	2465.11	2465.11	2465.11	2465.11	2465.11
250.25	2437.32	2437.32	2437.32	2437.32	2437.32	2437.32	2437.32	2437.32
250.2	2354.28	2354.28	2354.28	2354.28	2354.28	2354.28	2354.28	2354.28
250.15	2431.59	2431.59	2431.59	2431.59	2431.59	2431.59	2431.59	2431.59
250.1	2403.13	2403.13	2403.13	2403.13	2403.13	2403.13	2403.13	2403.13
250.05	2415.95	2415.95	2415.95	2415.95	2415.95	2415.95	2415.95	2415.95
250	2411.76	2411.76	2411.76	2411.76	2411.76	2411.76	2411.76	2411.76
249.95	2426.44	2426.44	2426.44	2426.44	2426.44	2426.44	2426.44	2426.44
249.9	2362.34	2362.34	2362.34	2362.34	2362.34	2362.34	2362.34	2362.34
249.85	2391.72	2391.72	2391.72	2391.72	2391.72	2391.72	2391.72	2391.72
249.8	2401.37	2401.37	2401.37	2401.37	2401.37	2401.37	2401.37	2401.37
249.75	2409.03	2409.03	2409.03	2409.03	2409.03	2409.03	2409.03	2409.03
249.7	2363.57	2363.57	2363.57	2363.57	2363.57	2363.57	2363.57	2363.57
249.65	2338.18	2338.18	2338.18	2338.18	2338.18	2338.18	2338.18	2338.18
249.6	2354.22	2354.22	2354.22	2354.22	2354.22	2354.22	2354.22	2354.22
249.55	2383.54	2383.54	2383.54	2383.54	2383.54	2383.54	2383.54	2383.54
249.5	2337.26	2337.26	2337.26	2337.26	2337.26	2337.26	2337.26	2337.26
249.45	2361.06	2361.06	2361.06	2361.06	2361.06	2361.06	2361.06	2361.06
249.4	2365.74	2365.74	2365.74	2365.74	2365.74	2365.74	2365.74	2365.74
249.35	2344.49	2344.49	2344.49	2344.49	2344.49	2344.49	2344.49	2344.49
249.3	2304.22	2304.22	2304.22	2304.22	2304.22	2304.22	2304.22	2304.22
249.25	2345.24	2345.24	2345.24	2345.24	2345.24	2345.24	2345.24	2345.24
249.2	2335.26	2335.26	2335.26	2335.26	2335.26	2335.26	2335.26	2335.26
249.15	2352.42	2352.42	2352.42	2352.42	2352.42	2352.42	2352.42	2352.42
249.1	2295.47	2295.47	2295.47	2295.47	2295.47	2295.47	2295.47	2295.47
249.05	2266.02	2266.02	2266.02	2266.02	2266.02	2266.02	2266.02	2266.02
249	2292.54	2292.54	2292.54	2292.54	2292.54	2292.54	2292.54	2292.54
248.95	2348.66	2348.66	2348.66	2348.66	2348.66	2348.66	2348.66	2348.66
248.9	2281.94	2281.94	2281.94	2281.94	2281.94	2281.94	2281.94	2281.94
248.85	2266.93	2266.93	2266.93	2266.93	2266.93	2266.93	2266.93	2266.93
248.8	2312.21	2312.21	2312.21	2312.21	2312.21	2312.21	2312.21	2312.21
248.75	2282.31	2282.31	2282.31	2282.31	2282.31	2282.31	2282.31	2282.31
248.7	2250.28	2250.28	2250.28	2250.28	2250.28	2250.28	2250.28	2250.28
248.65	2250.83	2250.83	2250.83	2250.83	2250.83	2250.83	2250.83	2250.83
248.6	2265.54	2265.54	2265.54	2265.54	2265.54	2265.54	2265.54	2265.54
248.55	2246.4	2246.4	2246.4	2246.4	2246.4	2246.4	2246.4	2246.4
248.5	2300.64	2300.64	2300.64	2300.64	2300.64	2300.64	2300.64	2300.64
248.45	2339.44	2339.44	2339.44	2339.44	2339.44	2339.44	2339.44	2339.44
248.4	2287.97	2287.97	2287.97	2287.97	2287.97	2287.97	2287.97	2287.97
248.35	2270.87	2270.87	2270.87	2270.87	2270.87	2270.87	2270.87	2270.87
248.3	2266.94	2266.94	2266.94	2266.94	2266.94	2266.94	2266.94	2266.94
248.25	2251.33	2251.33	2251.33	2251.33	2251.33	2251.33	2251.33	2251.33
248.2	2248.28	2248.28	2248.28	2248.28	2248.28	2248.28	2248.28	2248.28
248.15	2236.6	2236.6	2236.6	2236.6	2236.6	2236.6	2236.6	2236.6
248.1	2243.87	2243.87	2243.87	2243.87	2243.87	2243.87	2243.87	2243.87
248.05	2255.68	2255.68	2255.68	2255.68	2255.68	2255.68	2255.68	2255.68
248	2255.5	2255.5	2255.5	2255.5	2255.5	2255.5	2255.5	2255.5
247.95	2250.87	2250.87	2250.87	2250.87	2250.87	2250.87	2250.87	2250.87
247.9	2226.41	2226.41	2226.41	2226.41	2226.41	2226.41	2226.41	2226.41
247.85	2218.81	2218.81	2218.81	2218.81	2218.81	2218.81	2218.81	2218.81
247.8	2221.64	2221.64	2221.64	2221.64	2221.64	2221.64	2221.64	2221.64
247.75	2204.47	2204.47	2204.47	2204.47	2204.47	2204.47	2204.47	2204.47
247.7	2184.44	2184.44	2184.44	2184.44	2184.44	2184.44	2184.44	2184.44
247.65	2200.28	2200.28	2200.28	2200.28	2200.28	2200.28	2200.28	2200.28
247.6	2227.43	2227.43	2227.43	2227.43	2227.43	2227.43	2227.43	2227.43
247.55	2226.5	2226.5	2226.5	2226.5	2226.5	2226.5	2226.5	2226.5
247.5	2211.91	2211.91	2211.91	2211.91	2211.91	2211.91	2211.91	2211.91
247.45	2189.05	2189.05	2189.05	2189.05	2189.05	2189.05	2189.05	2189.05
247.4	2176.96	2176.96	2176.96	2176.96	2176.96	2176.96	2176.96	2176.96
247.35	2184.79	2184.79	2184.79	2184.79	2184.79	2184.79	2184.79	2184.79
247.3	2177.72	2177.72	2177.72	2177.72	2177.72	2177.72	2177.72	2177.72
247.25	2145.34	2145.34	2145.34	2145.34	2145.34	2145.34	2145.34	2145.34
247.2	2149.8	2149.8	2149.8	2149.8	2149.8	2149.8	2149.8	2149.8
247.15	2144.62	2144.62	2144.62	2144.62	2144.62	2144.62	2144.62	2144.62
247.1	2182.72	2182.72	2182.72	2182.72	2182.72	2182.72	2182.72	2182.72
247.05	2166.04	2166.04	2166.04	2166.04	2166.04	2166.04	2166.04	2166.04
247	2124.94	2124.94	2124.94	2124.94	2124.94	2124.94	2124.94	2124.94
246.95	2149.86	2149.86	2149.86	2149.86	2149.86	2149.86	2149.86	2149.86
246.9	2100.07	2100.07	2100.07	2100.07	2100.07	2100.07	2100.07	2100.07
246.85	2114.8	2114.8	2114.8	2114.8	2114.8	2114.8	2114.8	2114.8
246.8	2106.69	2106.69	2106.69	2106.69	2106.69	2106.69	2106.69	2106.69
246.75	2115.38	2115.38	2115.38	2115.38	2115.38	2115.38	2115.38	2115.38
246.7	2100.07	2100.07	2100.07	2100.07	2100.07	2100.07	2100.07	2100.07
246.65	2135.5	2135.5	2135.5	2135.5	2135.5	2135.5	2135.5	2135.5
246.6	2103.15	2103.15	2103.15	2103.15	2103.15	2103.15	2103.15	2103.15
246.55	2047.26	2047.26	2047.26	2047.26	2047.26	2047.26	2047.26	2047.26
246.5	2093.99	2093.99	2093.99	2093.99	2093.99	2093.99	2093.99	2093.99
246.45	2109.25	2109.25	2109.25	2109.25	2109.25	2109.25	2109.25	2109.25
246.4	2075.3	2075.3	2075.3	2075.3	2075.3	2075.3	2075.3	2075.3
246.35	2052.77	2052.77	2052.77	2052.77	2052.77	2052.77	2052.77	2052.77
246.3	2071.52	2071.52	2071.52	2071.52	2071.52	2071.52	2071.52	2071.52
246.25	2049.27	2049.27	2049.27	2049.27	2049.27	2049.27	2049.27	2049.27
246.2	2049.37	2049.37	2049.37	2049.37	2049.37	2049.37	2049.37	2049.37
246.15	2032.58	2032.58	2032.58	2032.58	2032.58	2032.58	2032.58	2032.58
246.1	2007.6	2007.6	2007.6	2007.6	2007.6	2007.6	2007.6	2007.6
246.05	1996.94	1996.94	1996.94	1996.94	1996.94	1996.94	1996.94	1996.94
246	2047.13	2047.13	2047.13	2047.13	2047.13	2047.13	2047.13	2047.13
245.95	2020.02	2020.02	2020.02	2020.02	2020.02	2020.02	2020.02	2020.02
245.9	2032.66	2032.66	2032.66	2032.66	2032.66	2032.66	2032.66	2032.66
245.85	2016.24	2016.24	2016.24	2016.24	2016.24	2016.24	2016.24	2016.24
245.8	2045.07	2045.07	2045.07	2045.07	2045.07	2045.07	2045.07	2045.07
245.75	2027.3	2027.3	2027.3	2027.3	2027.3	2027.3	2027.3	2027.3
245.7	2039.86	2039.86	2039.86	2039.86	2039.86	2039.86	2039.86	2039.86
245.65	2004.8	2004.8	2004.8	2004.8	2004.8	2004.8	2004.8	2004.8
245.6	1980.84	1980.84	1980.84	1980.84	1980.84	1980.84	1980.84	1980.84
245.55	1973.7	1973.7	1973.7	1973.7	1973.7	1973.7	1973.7	1973.7
245.5	1942.58	1942.58	1942.58	1942.58	1942.58	1942.58	1942.58	1942.58
245.45	1966.21	1966.21	1966.21	1966.21	1966.21	1966.21	1966.21	1966.21
245.4	1959.29	1959.29	1959.29	1959.29	1959.29	1959.29	1959.29	1959.29
245.35	1935.9	1935.9	1935.9	1935.9	1935.9	1935.9	1935.9	1935.9
245.3	1975.12	1975.12	1975.12	1975.12	1975.12	1975.12	1975.12	1975.12
245.25	1985.3	1985.3	1985.3	1985.3	1985.3	1985.3	1985.3	1985.3
245.2	1947.74	1947.74	1947.74	1947.74	1947.74	1947.74	1947.74	1947.74
245.15	1935.46	1935.46	1935.46	1935.46	1935.46	1935.46	1935.46	1935.46
245.1	1933.92	1933.92	1933.92	1933.92	1933.92	1933.92	1933.92	1933.92
245.05	1925.61	1925.61	1925.61	1925.61	1925.61	1925.61	1925.61	1925.61
245	1935	1935	1935	1935	1935	1935	1935	1935
244.95	1912.29	1912.29	1912.29	1912.29	1912.29	1912.29	1912.29	1912.29
244.9	1951.83	1951.83	1951.83	1951.83	1951.83	1951.83	1951.83	1951.83
244.85	1899.53	1899.53	1899.53	1899.53	1899.53	1899.53	1899.53	1899.53
244.8	1884.74	1884.74	1884.74	1884.74	1884.74	1884.74	1884.74	1884.74
244.75	1940.46	1940.46	1940.46	1940.46	1940.46	1940.46	1940.46	1940.46
244.7	1934.36	1934.36	1934.36	1934.36	1934.36	1934.36	1934.36	1934.36
244.65	1898.37	1898.37	1898.37	1898.37	1898.37	1898.37	1898.37	1898.37
244.6	1863.62	1863.62	1863.62	1863.62	1863.62	1863.62	1863.62	1863.62
244.55	1883.28	1883.28	1883.28	1883.28	1883.28	1883.28	1883.28	1883.28
244.5	1851.86	1851.86	1851.86	1851.86	1851.86	1851.86	1851.86	1851.86
244.45	1871.39	1871.39	1871.39	1871.39	1871.39	1871.39	1871.39	1871.39
244.4	1863.56	1863.56	1863.56	1863.56	1863.56	1863.56	1863.56	1863.56
244.35	1854.04	1854.04	1854.04	1854.04	1854.04	1854.04	1854.04	1854.04
244.3	1855.77	1855.77	1855.77	1855.77	1855.77	1855.77	1855.77	1855.77
244.25	1829.17	1829.17	1829.17	1829.17	1829.17	1829.17	1829.17	1829.17
244.2	1841.39	1841.39	1841.39	1841.39	1841.39	1841.39	1841.39	1841.39
244.15	1834.32	1834.32	1834.32	1834.32	1834.32	1834.32	1834.32	1834.32
244.1	1794.66	1794.66	1794.66	1794.66	1794.66	1794.66	1794.66	1794.66
244.05	1852.31	1852.31	1852.31	1852.31	1852.31	1852.31	1852.31	1852.31
244	1852.08	1852.08	1852.08	1852.08	1852.08	1852.08	1852.08	1852.08
243.95	1832.42	1832.42	1832.42	1832.42	1832.42	1832.42	1832.42	1832.42
243.9	1833.72	1833.72	1833.72	1833.72	1833.72	1833.72	1833.72	1833.72
243.85	1865.78	1865.78	1865.78	1865.78	1865.78	1865.78	1865.78	1865.78
243.8	1848.23	1865.73	1865.73	1865.73	1865.73	1865.73	1865.73	1865.73
243.75	1819.79	1865.63	1865.63	1865.63	1865.63	1865.63	1865.63	1865.63
243.7	1829.43	1865.54	1865.54	1865.54	1865.54	1865.54	1865.54	1865.54
243.65	1811.94	1865.41	1865.41	1865.41	1865.41	1865.41	1865.41	1865.41
243.6	1829.39	1865.33	1865.33	1865.33	1865.33	1865.33	1865.33	1865.33
243.55	1842.82	1865.28	1865.28	1865.28	1865.28	1865.28	1865.28	1865.28
243.5	1836.15	1865.21	1865.21	1865.21	1865.21	1865.21	1865.21	1865.21
243.45	1791.24	1865.03	1865.03	1865.03	1865.03	1865.03	1865.03	1865.03
243.4	1777.52	1864.83	1864.83	1864.83	1864.83	1864.83	1864.83	1864.83
243.35	1807.48	1864.69	1864.69	1864.69	1864.69	1864.69	1864.69	1864.69
243.3	1782.29	1864.5	1864.5	1864.5	1864.5	1864.5	1864.5	1864.5
243.25	1819.88	1864.39	1864.39	1864.39	1864.39	1864.39	1864.39	1864.39
243.2	1834.48	1864.32	1864.32	1864.32	1864.32	1864.32	1864.32	1864.32
243.15	1789.56	1864.15	1864.15	1864.15	1864.15	1864.15	1864.15	1864.15
243.1	1797.21	1863.99	1863.99	1863.99	1863.99	1863.99	1863.99	1863.99
243.05	1779.83	1863.79	1863.79	1863.79	1863.79	1863.79	1863.79	1863.79
243	1794.24	1863.63	1863.63	1863.63	1863.63	1863.63	1863.63	1863.63
242.95	1769.74	1863.41	1863.41	1863.41	1863.41	1863.41	1863.41	1863.41
242.9	1788.07	1863.23	1863.23	1863.23	1863.23	1863.23	1863.23	1863.23
242.85	1768.52	1863.01	1863.01	1863.01	1863.01	1863.01	1863.01	1863.01
242.8	1776.38	1862.8	1862.8	1862.8	1862.8	1862.8	1862.8	1862.8
242.75	1762.89	1862.57	1862.57	1862.57	1862.57	1862.57	1862.57	1862.57
242.7	1780.2	1862.37	1862.37	1862.37	1862.37	1862.37	1862.37	1862.37
242.65	1758.22	1862.13	1862.13	1862.13	1862.13	1862.13	1862.13	1862.13
242.6	1782.32	1861.94	1861.94	1861.94	1861.94	1861.94	1861.94	1861.94
242.55	1795	1861.78	1861.78	1861.78	1861.78	1861.78	1861.78	1861.78
242.5	1790.41	1861.61	1861.61	1861.61	1861.61	1861.61	1861.61	1861.61
242.45	1787.79	1861.44	1861.44	1861.44	1861.44	1861.44	1861.44	1861.44
242.4	1790.29	1861.27	1861.27	1861.27	1861.27	1861.27	1861.27	1861.27
242.35	1777.55	1861.08	1861.08	1861.08	1861.08	1861.08	1861.08	1861.08
242.3	1815.21	1860.97	1860.97	1860.97	1860.97	1860.97	1860.97	1860.97
242.25	1754.42	1860.72	1860.72	1860.72	1860.72	1860.72	1860.72	1860.72
242.2	1786.08	1860.54	1860.54	1860.54	1860.54	1860.54	1860.54	1860.54
242.15	1708.25	1860.18	1860.18	1860.18	1860.18	1860.18	1860.18	1860.18
242.1	1740.22	1859.9	1859.9	1859.9	1859.9	1859.9	1859.9	1859.9
242.05	1751.79	1859.64	1859.64	1859.64	1859.64	1859.64	1859.64	1859.64
242	1747.88	1859.38	1859.38	1859.38	1859.38	1859.38	1859.38	1859.38
241.95	1794.73	1859.23	1859.23	1859.23	1859.23	1859.23	1859.23	1859.23
241.9	1768.86	1859.02	1859.02	1859.02	1859.02	1859.02	1859.02	1859.02
241.85	1780.34	1858.83	1858.83	1858.83	1858.83	1858.83	1858.83	1858.83
241.8	1752.28	1858.58	1858.58	1858.58	1858.58	1858.58	1858.58	1858.58
241.75	1771.68	1858.38	1858.38	1858.38	1858.38	1858.38	1858.38	1858.38
241.7	1798.87	1858.24	1858.24	1858.24	1858.24	1858.24	1858.24	1858.24
241.65	1723.09	1857.92	1857.92	1857.92	1857.92	1857.92	1857.92	1857.92
241.6	1735.02	1857.63	1857.63	1857.63	1857.63	1857.63	1857.63	1857.63
241.55	1716.82	1857.3	1857.3	1857.3	1857.3	1857.3	1857.3	1857.3
241.5	1715.8	1856.96	1856.96	1856.96	1856.96	1856.96	1856.96	1856.96
241.45	1716.97	1856.63	1856.63	1856.63	1856.63	1856.63	1856.63	1856.63
241.4	1723.48	1856.32	1856.32	1856.32	1856.32	1856.32	1856.32	1856.32
241.35	1725.07	1856.01	1856.01	1856.01	1856.01	1856.01	1856.01	1856.01
241.3	1721.47	1855.69	1855.69	1855.69	1855.69	1855.69	1855.69	1855.69
241.25	1736.91	1855.41	1855.41	1855.41	1855.41	1855.41	1855.41	1855.41
241.2	1743.9	1855.15	1855.15	1855.15	1855.15	1855.15	1855.15	1855.15
241.15	1763.6	1854.94	1854.94	1854.94	1854.94	1854.94	1854.94	1854.94
241.1	1756.43	1854.7	1854.7	1854.7	1854.7	1854.7	1854.7	1854.7
241.05	1726.77	1854.4	1854.4	1854.4	1854.4	1854.4	1854.4	1854.4
241	1744.35	1854.14	1854.14	1854.14	1854.14	1854.14	1854.14	1854.14
240.95	1720.27	1853.83	1853.83	1853.83	1853.83	1853.83	1853.83	1853.83
240.9	1724.78	1853.52	1853.52	1853.52	1853.52	1853.52	1853.52	1853.52
240.85	1702.06	1853.17	1853.17	1853.17	1853.17	1853.17	1853.17	1853.17
240.8	1712.74	1852.84	1852.84	1852.84	1852.84	1852.84	1852.84	1852.84
240.75	1750.87	1852.6	1852.6	1852.6	1852.6	1852.6	1852.6	1852.6
240.7	1705.76	1852.25	1852.25	1852.25	1852.25	1852.25	1852.25	1852.25
240.65	1670.08	1851.82	1851.82	1851.82	1851.82	1851.82	1851.82	1851.82
240.6	1640.42	1851.32	1851.32	1851.32	1851.32	1851.32	1851.32	1851.32
240.55	1718.78	1851.01	1851.01	1851.01	1851.01	1851.01	1851.01	1851.01
240.5	1743.52	1850.76	1850.76	1850.76	1850.76	1850.76	1850.76	1850.76
240.45	1709.81	1850.43	1850.43	1850.43	1850.43	1850.43	1850.43	1850.43
240.4	1663.45	1849.99	1849.99	1849.99	1849.99	1849.99	1849.99	1849.99
240.35	1705.52	1849.65	1849.65	1849.65	1849.65	1849.65	1849.65	1849.65
240.3	1695.28	1849.28	1849.28	1849.28	1849.28	1849.28	1849.28	1849.28
240.25	1650.5	1848.81	1848.81	1848.81	1848.81	1848.81	1848.81	1848.81
240.2	1700.04	1848.46	1848.46	1848.46	1848.46	1848.46	1848.46	1848.46
240.15	1756.48	1848.25	1848.25	1848.25	1848.25	1848.25	1848.25	1848.25
240.1	1730.38	1847.97	1847.97	1847.97	1847.97	1847.97	1847.97	1847.97
240.05	1725.89	1847.68	1847.68	1847.68	1847.68	1847.68	1847.68	1847.68
240	1695.69	1847.32	1847.32	1847.32	1847.32	1847.32	1847.32	1847.32
239.95	1676.36	1846.92	1846.92	1846.92	1846.92	1846.92	1846.92	1846.92
239.9	1673.33	1846.51	1846.51	1846.51	1846.51	1846.51	1846.51	1846.51
239.85	1718.73	1846.21	1846.21	1846.21	1846.21	1846.21	1846.21	1846.21
239.8	1759.98	1846.01	1846.01	1846.01	1846.01	1846.01	1846.01	1846.01
239.75	1730.89	1845.74	1845.74	1845.74	1845.74	1845.74	1845.74	1845.74
239.7	1714.61	1845.43	1845.43	1845.43	1845.43	1845.43	1845.43	1845.43
239.65	1712.15	1845.12	1845.12	1845.12	1845.12	1845.12	1845.12	1845.12
239.6	1719.58	1844.82	1844.82	1844.82	1844.82	1844.82	1844.82	1844.82
239.55	1707.17	1844.5	1844.5	1844.5	1844.5	1844.5	1844.5	1844.5
239.5	1693.3	1844.14	1844.14	1844.14	1844.14	1844.14	1844.14	1844.14
239.45	1719.5	1843.85	1843.85	1843.85	1843.85	1843.85	1843.85	1843.85
239.4	1689.52	1843.48	1843.48	1843.48	1843.48	1843.48	1843.48	1843.48
239.35	1669.56	1843.07	1843.07	1843.07	1843.07	1843.07	1843.07	1843.07
239.3	1719.18	1842.78	1842.78	1842.78	1842.78	1842.78	1842.78	1842.78
239.25	1716.11	1842.48	1842.48	1842.48	1842.48	1842.48	1842.48	1842.48
239.2	1736.61	1842.23	1842.23	1842.23	1842.23	1842.23	1842.23	1842.23
239.15	1711.46	1841.93	1841.93	1841.93	1841.93	1841.93	1841.93	1841.93
239.1	1717.55	1841.63	1841.63	1841.63	1841.63	1841.63	1841.63	1841.63
239.05	1718.79	1841.34	1841.34	1841.34	1841.34	1841.34	1841.34	1841.34
239	1711.78	1841.04	1841.04	1841.04	1841.04	1841.04	1841.04	1841.04
238.95	1696.49	1840.7	1840.7	1840.7	1840.7	1840.7	1840.7	1840.7
238.9	1738.88	1840.46	1840.46	1840.46	1840.46	1840.46	1840.46	1840.46
238.85	1741.52	1840.23	1840.23	1840.23	1840.23	1840.23	1840.23	1840.23
238.8	1740.73	1839.99	1839.99	1839.99	1839.99	1839.99	1839.99	1839.99
238.75	1711.19	1839.69	1839.69	1839.69	1839.69	1839.69	1839.69	1839.69
238.7	1729.6	1839.43	1839.43	1839.43	1839.43	1839.43	1839.43	1839.43
238.65	1683.4	1839.06	1839.06	1839.06	1839.06	1839.06	1839.06	1839.06
238.6	1705.19	1838.75	1838.75	1838.75	1838.75	1838.75	1838.75	1838.75
238.55	1750.6	1838.54	1838.54	1838.54	1838.54	1838.54	1838.54	1838.54
238.5	1699.27	1838.21	1838.21	1838.21	1838.21	1838.21	1838.21	1838.21
238.45	1704.36	1837.9	1837.9	1837.9	1837.9	1837.9	1837.9	1837.9
238.4	1709.85	1837.59	1837.59	1837.59	1837.59	1837.59	1837.59	1837.59
238.35	1696.75	1837.26	1837.26	1837.26	1837.26	1837.26	1837.26	1837.26
238.3	1678.89	1836.89	1836.89	1836.89	1836.89	1836.89	1836.89	1836.89
238.25	1695.33	1836.56	1836.56	1836.56	1836.56	1836.56	1836.56	1836.56
238.2	1704.53	1836.24	1836.24	1836.24	1836.25	1836.24	1836.24	1836.25
238.15	1669.12	1835.85	1835.85	1835.85	1835.85	1835.85	1835.85	1835.85
238.1	1656.42	1835.43	1835.43	1835.43	1835.43	1835.43	1835.43	1835.43
238.05	1680.41	1835.06	1835.06	1835.06	1835.07	1835.06	1835.06	1835.07
238	1691.3	1834.73	1834.73	1834.73	1834.73	1834.73	1834.73	1834.73
237.95	1712.83	1834.44	1834.44	1834.44	1834.45	1834.44	1834.44	1834.45
237.9	1654.42	1834.01	1834.01	1834.01	1834.03	1834.01	1834.01	1834.03
237.85	1646.75	1833.57	1833.57	1833.57	1833.59	1833.57	1833.57	1833.59
237.8	1639.59	1833.12	1833.12	1833.12	1833.15	1833.12	1833.12	1833.15
237.75	1673.91	1832.74	1832.74	1832.74	1832.79	1832.74	1832.74	1832.79
237.7	1654.31	1832.32	1832.32	1832.32	1832.39	1832.32	1832.32	1832.39
237.65	1683.69	1831.97	1831.97	1831.97	1832.08	1831.97	1831.97	1832.08
237.6	1693.81	1831.65	1831.65	1831.65	1831.81	1831.65	1831.65	1831.81
237.55	1633.13	1831.18	1831.18	1831.18	1831.43	1831.18	1831.18	1831.43
237.5	1673.73	1830.81	1830.81	1830.81	1831.18	1830.81	1830.81	1831.18
237.45	1658.08	1830.4	1830.4	1830.4	1830.96	1830.4	1830.4	1830.96
237.4	1608.77	1829.88	1829.88	1829.88	1830.7	1829.88	1829.88	1830.7
237.35	1639.63	1829.43	1829.43	1829.43	1830.64	1829.43	1829.43	1830.64
237.3	1657.05	1829.03	1829.03	1829.03	1830.77	1829.03	1829.03	1830.77
237.25	1646.54	1828.6	1828.6	1828.6	1831.11	1828.6	1828.6	1831.11
237.2	1648.27	1828.17	1828.17	1828.17	1831.76	1828.17	1828.17	1831.76
237.15	1675.79	1827.81	1827.81	1827.81	1832.9	1827.81	1827.81	1832.9
237.1	1695.3	1827.5	1827.5	1827.5	1834.64	1827.5	1827.5	1834.64
237.05	1698.72	1827.2	1827.2	1827.2	1837.14	1827.2	1827.2	1837.14
237	1672.19	1826.83	1826.83	1826.83	1840.55	1826.83	1826.83	1840.55
236.95	1732.5	1826.61	1826.61	1826.61	1845.38	1826.61	1826.61	1845.38
236.9	1739.26	1826.4	1826.4	1826.4	1851.87	1826.4	1826.4	1851.87
236.85	1740.93	1826.2	1826.2	1826.2	1860.46	1826.2	1826.2	1860.46
236.8	1744.19	1826.01	1826.01	1826.01	1871.7	1826.01	1826.01	1871.7
236.75	1759.64	1825.85	1825.85	1825.85	1886.27	1825.85	1825.85	1886.27
236.7	1826.79	1825.85	1825.85	1825.85	1905.06	1825.85	1825.85	1905.06
236.65	1850.71	1825.79	1825.79	1825.79	1928.74	1825.79	1825.79	1928.74
236.6	1904.79	1825.61	1825.61	1825.61	1958.26	1825.61	1825.61	1958.26
236.55	1966.29	1825.27	1825.27	1825.27	1994.7	1825.27	1825.27	1994.7
236.5	2021.23	1824.81	1824.81	1824.81	2039.41	1824.81	1824.81	2039.41
236.45	2084.38	1824.19	1824.19	1824.19	2093.62	1824.19	1824.19	2093.62
236.4	2191.02	1823.33	1823.33	1823.33	2158.48	1823.33	1823.33	2158.48
236.35	2252.73	1822.31	1822.31	1822.31	2235.33	1822.31	1822.31	2235.33
236.3	2343.08	1821.08	1821.08	1821.08	2325.21	1821.08	1821.08	2325.21
236.25	2459.66	1819.57	1819.57	1819.57	2428.92	1819.57	1819.57	2428.92
236.2	2570.34	1817.79	1817.79	1817.79	2546.99	1817.79	1817.79	2546.99
236.15	2701.31	1815.7	1815.7	1815.7	2679.38	1815.7	1815.7	2679.38
236.1	2858.9	1813.23	1813.23	1813.23	2825.4	1813.23	1813.23	2825.4
236.05	3066.22	1810.27	1810.27	1810.27	2983.57	1810.27	1810.27	2983.57
236	3180.35	1807.03	1807.03	1807.03	3151.81	1807.03	1807.03	3151.81
235.95	3350.51	1803.37	1803.37	1803.37	3326.79	1803.37	1803.37	3326.79
235.9	3517.51	1799.32	1799.32	1799.32	3504.32	1799.32	1799.32	3504.32
235.85	3622.87	1795	1795	1795	3679.47	1795	1795	3679.47
235.8	3763.67	1790.34	1790.34	1790.34	3846.35	1790.34	1790.34	3846.35
235.75	3954.49	1785.22	1785.22	1785.22	3998.59	1785.22	1785.22	3998.59
235.7	4037.99	1779.89	1779.89	1779.89	4129.76	1779.89	1779.89	4129.76
235.65	4178.57	1774.22	1774.22	1774.22	4233.88	1774.22	1774.22	4233.88
235.6	4223.23	1768.42	1768.42	1768.42	4306.2	1768.42	1768.42	4306.2
235.55	4200.72	1762.67	1762.67	1762.67	4343.13	1762.67	1762.67	4343.13
235.5	4162.01	1756.99	1756.99	1756.99	4342.63	1756.99	1756.99	4342.63
235.45	4200.33	1751.21	1751.21	1751.21	4304.26	1751.21	1751.21	4304.26
235.4	4183.24	1745.45	1745.45	1745.45	4229.79	1745.45	1745.45	4229.79
235.35	4033.19	1740.04	1740.04	1740.04	4122.87	1740.04	1740.04	4122.87
235.3	3991.15	1734.72	1734.72	1734.72	3987.99	1734.72	1734.72	3987.99
235.25	3823.95	1729.77	1729.77	1729.77	3831.17	1729.77	1729.77	3831.17
235.2	3686.05	1725.14	1725.14	1725.14	3658.58	1725.14	1725.14	3658.58
235.15	3523.95	1720.89	1720.89	1720.89	3476.6	1720.89	1720.89	3476.6
235.1	3258.21	1717.25	1717.25	1717.25	3291.43	1717.25	1717.25	3291.43
235.05	3128.44	1713.91	1713.91	1713.91	3108.09	1713.91	1713.91	3108.09
235	2964.46	1710.95	1710.95	1710.95	2931.13	1710.95	1710.95	2931.13
234.95	2759.88	1708.47	1708.47	1708.47	2764.17	1708.47	1708.47	2764.18
234.9	2578.55	1706.41	1706.41	1706.41	2609.94	1706.41	1706.41	2609.94
234.85	2475.83	1704.59	1704.59	1704.59	2469.71	1704.59	1704.59	2469.71
234.8	2344.84	1703.08	1703.08	1703.08	2344.34	1703.08	1703.08	2344.34
234.75	2264.48	1701.75	1701.76	1701.75	2233.84	1701.75	1701.75	2233.85
234.7	2094.28	1700.82	1700.84	1700.82	2138.03	1700.82	1700.82	2138.05
234.65	2038.86	1700.02	1700.05	1700.02	2055.84	1700.02	1700.02	2055.88
234.6	1996.86	1699.32	1699.37	1699.32	1986.21	1699.32	1699.32	1986.26
234.55	1862.77	1698.93	1699.02	1698.93	1928.12	1698.93	1698.93	1928.21
234.5	1847.68	1698.58	1698.72	1698.58	1880.01	1698.58	1698.58	1880.16
234.45	1770.27	1698.41	1698.64	1698.41	1840.76	1698.41	1698.41	1840.99
234.4	1732.82	1698.33	1698.69	1698.33	1809.03	1698.33	1698.33	1809.4
234.35	1718.33	1698.28	1698.84	1698.29	1783.61	1698.28	1698.28	1784.19
234.3	1692.3	1698.26	1699.14	1698.29	1763.47	1698.26	1698.26	1764.37
234.25	1679.05	1698.22	1699.56	1698.25	1747.62	1698.22	1698.22	1748.99
234.2	1699.6	1698.22	1700.26	1698.27	1735.32	1698.22	1698.22	1737.42
234.15	1653.93	1698.11	1701.19	1698.21	1725.74	1698.11	1698.11	1728.91
234.1	1673.72	1698.05	1702.65	1698.2	1718.48	1698.05	1698.05	1723.22
234.05	1664.31	1697.97	1704.76	1698.21	1712.94	1697.97	1697.97	1719.97
234	1655.96	1697.88	1707.79	1698.25	1708.76	1697.88	1697.88	1719.05
233.95	1662.65	1697.79	1712.13	1698.39	1705.63	1697.79	1697.79	1720.56
233.9	1684.64	1697.76	1718.29	1698.68	1703.37	1697.76	1697.76	1724.81
233.85	1717.44	1697.72	1726.8	1699.13	1701.69	1697.72	1697.72	1732.19
233.8	1734.31	1697.63	1738.44	1699.77	1700.42	1697.63	1697.63	1743.37
233.75	1771.78	1697.45	1754.21	1700.68	1699.4	1697.45	1697.45	1759.38
233.7	1826.04	1697.15	1775.34	1701.94	1698.49	1697.15	1697.15	1781.48
233.65	1875.2	1696.73	1803.33	1703.78	1697.65	1696.73	1696.73	1811.31
233.6	1898.47	1696.25	1840.09	1706.52	1696.87	1696.25	1696.25	1850.98
233.55	1985.64	1695.57	1887.64	1710.38	1695.99	1695.57	1695.57	1902.87
233.5	2042.75	1694.74	1948.56	1715.93	1695.02	1694.74	1694.74	1970.03
233.45	2219.93	1693.5	2025.41	1723.48	1693.69	1693.5	1693.5	2055.58
233.4	2394.13	1691.84	2121.3	1733.81	1691.97	1691.84	1691.84	2163.4
233.35	2498.2	1689.94	2239.72	1748.07	1690.02	1689.94	1689.94	2297.93
233.3	2714.74	1687.51	2384.03	1767.19	1687.56	1687.51	1687.51	2463.76
233.25	2925.82	1684.58	2557.71	1792.64	1684.61	1684.58	1684.58	2665.81
233.2	3118.16	1681.19	2763.22	1826.2	1681.21	1681.19	1681.19	2908.25
233.15	3397.97	1677.13	3002.39	1869.97	1677.14	1677.13	1677.13	3195.25
233.1	3707.58	1672.32	3276.08	1926.11	1672.33	1672.32	1672.32	3529.88
233.05	4079.29	1666.63	3583.53	1996.95	1666.63	1666.63	1666.63	3913.86
233	4458.38	1660.02	3922.14	2085.23	1660.02	1660.02	1660.02	4347.35
232.95	4913.23	1652.32	4286.78	2193.56	1652.33	1652.32	1652.32	4828.02
232.9	5393.2	1643.47	4669.83	2324.64	1643.47	1643.47	1643.47	5351
232.85	5805.36	1633.63	5061.14	2481.04	1633.63	1633.63	1633.63	5908.55
232.8	6373.34	1622.41	5446.98	2664.38	1622.41	1622.41	1622.41	6488.95
232.75	7014.28	1609.65	5811.89	2876.15	1609.65	1609.65	1609.65	7078.39
232.7	7545.34	1595.61	6139.83	3115.57	1595.61	1595.61	1595.61	7659.8
232.65	8119.67	1580.17	6414.34	3380.6	1580.17	1580.17	1580.17	8214.78
232.6	8544.82	1563.69	6620.75	3667.71	1563.69	1563.69	1563.69	8724.77
232.55	9059.36	1545.96	6746.58	3970.6	1545.96	1545.96	1545.96	9171.22
232.5	9520.68	1527.09	6783.71	4280.99	1527.09	1527.09	1527.09	9537.62
232.45	9804.93	1507.5	6729.23	4588.73	1507.5	1507.5	1507.5	9810.46
232.4	10028.9	1487.34	6585.25	4881.16	1487.34	1487.34	1487.34	9979.08
232.35	10142.1	1466.86	6357.64	5144.37	1466.86	1466.86	1466.86	10035.2
232.3	10086.1	1446.47	6059.99	5365.26	1446.47	1446.47	1446.47	9978.79
232.25	9939.53	1426.37	5707.43	5531.38	1426.37	1426.37	1426.37	9812.45
232.2	9679.22	1406.84	5316.45	5632.61	1406.84	1406.84	1406.84	9542.22
232.15	9368.9	1388	4903.57	5662.02	1388	1388	1388	9177.59
232.1	8805.36	1370.45	4484.79	5617.32	1370.45	1370.45	1370.45	8731.65
232.05	8266.81	1354.14	4073.51	5499.99	1354.14	1354.14	1354.14	8219.37
232	7747.63	1339.01	3680.69	5314.49	1339.01	1339.01	1339.01	7656.17
231.95	7110.49	1325.35	3314.89	5072.25	1325.35	1325.35	1325.35	7061.79
231.9	6391.21	1313.36	2982.35	4786.12	1313.36	1313.37	1313.36	6455.11
231.85	5778.93	1302.8	2685.91	4469.42	1302.8	1302.8	1302.8	5852.53
231.8	5183.27	1293.62	2426.15	4135.84	1293.62	1293.62	1293.62	5268.36
231.75	4624.73	1285.74	2202.31	3798.12	1285.74	1285.74	1285.74	4714.69
231.7	4127.87	1279.01	2012.38	3467.33	1279.01	1279.01	1279.01	4200.7
231.65	3654.13	1273.39	1853.65	3152.59	1273.39	1273.39	1273.39	3732.85
231.6	3252.03	1268.71	1722.79	2861.08	1268.71	1268.71	1268.71	3315.16
231.55	2927.27	1264.78	1616.29	2596.6	1264.78	1264.79	1264.78	2948.11
231.5	2670.37	1261.46	1530.64	2361.35	1261.46	1261.46	1261.46	2630.54
231.45	2445.2	1258.66	1462.71	2155.91	1258.66	1258.66	1258.66	2359.97
231.4	2184.94	1256.47	1409.73	1979.67	1256.47	1256.47	1256.47	2132.94
231.35	2072.26	1254.54	1368.47	1830.64	1254.54	1254.54	1254.54	1944.58
231.3	1924.13	1252.96	1336.79	1706.61	1252.95	1252.95	1252.95	1790.45
231.25	1809.26	1251.65	1312.7	1605.1	1251.64	1251.64	1251.64	1666.17
231.2	1703.7	1250.59	1294.58	1523.15	1250.57	1250.57	1250.57	1567.19
231.15	1621.74	1249.72	1281.1	1457.63	1249.69	1249.69	1249.69	1489.09
231.1	1527.46	1249.09	1271.21	1405.97	1249.03	1249.04	1249.03	1428.22
231.05	1511.26	1248.51	1263.91	1365.59	1248.41	1248.42	1248.41	1381.21
231	1428.2	1248.16	1258.71	1334.54	1247.98	1248	1247.98	1345.46
230.95	1395.53	1247.94	1255	1310.89	1247.64	1247.65	1247.64	1318.57
230.9	1343.68	1247.91	1252.41	1293.14	1247.41	1247.43	1247.41	1298.67
230.85	1326.51	1248.04	1250.59	1280.01	1247.22	1247.25	1247.22	1284.23
230.8	1316.45	1248.4	1249.3	1270.34	1247.06	1247.09	1247.06	1273.95
230.75	1319.13	1249.03	1248.37	1263.24	1246.89	1246.92	1246.89	1266.91
230.7	1309.55	1250.14	1247.7	1258.11	1246.74	1246.78	1246.74	1262.53
230.65	1290.12	1251.99	1247.26	1254.45	1246.64	1246.69	1246.64	1260.49
230.6	1260.57	1254.87	1247	1251.92	1246.6	1246.67	1246.6	1260.66
230.55	1256.41	1259.22	1246.83	1250.16	1246.58	1246.67	1246.58	1263.14
230.5	1261.26	1265.7	1246.7	1248.93	1246.54	1246.65	1246.54	1268.35
230.45	1269.78	1275.07	1246.59	1248.07	1246.49	1246.62	1246.49	1276.88
230.4	1271.52	1288.53	1246.49	1247.46	1246.43	1246.59	1246.43	1289.79
230.35	1323.65	1307.76	1246.28	1246.92	1246.25	1246.45	1246.25	1308.67
230.3	1366.74	1334.54	1245.98	1246.39	1245.96	1246.2	1245.96	1335.23
230.25	1430.11	1371.33	1245.54	1245.8	1245.53	1245.82	1245.53	1371.91
230.2	1479.63	1422.2	1244.98	1245.14	1244.97	1245.33	1244.97	1422.74
230.15	1570.55	1490.33	1244.21	1244.31	1244.2	1244.63	1244.2	1490.88
230.1	1674.4	1580.3	1243.19	1243.25	1243.18	1243.71	1243.18	1580.89
230.05	1814.94	1699.21	1241.83	1241.87	1241.83	1242.46	1241.83	1699.88
230	1960.65	1852.16	1240.13	1240.15	1240.13	1240.89	1240.13	1852.95
229.95	2178.9	2045.57	1237.91	1237.92	1237.91	1238.82	1237.91	2046.49
229.9	2439.19	2288.9	1235.07	1235.08	1235.07	1236.16	1235.07	2289.99
229.85	2674.11	2588.02	1231.66	1231.67	1231.66	1232.97	1231.66	2589.33
229.8	3021.19	2948.21	1227.43	1227.43	1227.43	1228.98	1227.43	2949.77
229.75	3376.9	3376.9	1222.34	1222.34	1222.34	1224.2	1222.34	3378.76
229.7	3847.99	3875.26	1216.13	1216.13	1216.13	1218.33	1216.13	3877.47
229.65	4357.92	4440.43	1208.7	1208.7	1208.7	1211.31	1208.7	4443.05
229.6	4955.73	5068.09	1199.83	1199.83	1199.83	1202.93	1199.83	5071.19
229.55	5661.84	5745.77	1189.27	1189.27	1189.27	1192.94	1189.27	5749.44
229.5	6304.25	6453.99	1177.17	1177.17	1177.17	1181.5	1177.17	6458.32
229.45	7073.21	7168.26	1163.22	1163.22	1163.22	1168.32	1163.22	7173.35
229.4	7803.5	7856.71	1147.51	1147.51	1147.51	1153.5	1147.51	7862.71
229.35	8466.81	8485.89	1130.19	1130.19	1130.19	1137.22	1130.19	8492.91
229.3	9046.88	9019.76	1111.46	1111.46	1111.46	1119.68	1111.46	9027.98
229.25	9415.58	9419.91	1091.81	1091.81	1091.81	1101.42	1091.81	9429.51
229.2	9619.05	9664.98	1071.63	1071.63	1071.63	1082.83	1071.63	9676.17
229.15	9685.07	9736.92	1051.25	1051.25	1051.25	1064.28	1051.25	9749.94
229.1	9704.51	9620.23	1030.78	1030.78	1030.78	1045.89	1030.78	9635.34
229.05	9383.93	9332.31	1011.01	1011.01	1011.01	1028.52	1011.01	9349.82
229	9093.73	8890.84	991.887	991.887	991.887	1012.12	991.887	8911.07
228.95	8468.74	8317.59	974.196	974.196	974.196	997.539	974.196	8340.94
228.9	7763.93	7653.74	958.13	958.13	958.13	984.998	958.13	7680.6
228.85	7098.6	6934.28	943.601	943.601	943.601	974.462	943.601	6965.14
228.8	6277.43	6193.25	930.981	930.981	930.981	966.353	930.981	6228.62
228.75	5408	5462.72	920.388	920.388	920.388	960.847	920.388	5503.18
228.7	4638.32	4766.41	911.59	911.59	911.59	957.771	911.59	4812.59
228.65	3955.54	4124.18	904.388	904.388	904.388	956.989	904.388	4176.78
228.6	3366.45	3546.92	898.563	898.563	898.563	958.357	898.563	3606.72
228.55	2887.99	3038.86	893.855	893.855	893.855	961.724	893.855	3106.73
228.5	2481.29	2603.13	890.099	890.099	890.099	966.965	890.099	2680
228.45	2184.37	2236.77	887.037	887.037	887.037	973.904	887.037	2323.64
228.4	1985.09	1932.69	884.439	884.439	884.439	982.395	884.439	2030.64
228.35	1804.92	1685.7	882.261	882.261	882.261	992.481	882.261	1795.93
228.3	1643	1489.05	880.461	880.461	880.461	1004.21	880.461	1612.8
228.25	1513.36	1333.56	878.963	878.963	878.963	1017.59	878.963	1472.18
228.2	1449.26	1212.75	877.614	877.614	877.614	1032.56	877.614	1367.7
228.15	1394.26	1120.97	876.391	876.391	876.391	1049.2	876.391	1293.78
228.1	1334.3	1051.33	875.308	875.308	875.308	1067.6	875.308	1243.63
228.05	1279.53	999.302	874.351	874.351	874.351	1087.85	874.351	1212.8
228	1255.16	961.407	873.45	873.45	873.45	1109.94	873.45	1197.89
227.95	1301.36	933.488	872.438	872.438	872.438	1133.79	872.438	1194.84
227.9	1259.68	913.277	871.522	871.522	871.522	1159.69	871.522	1201.44
227.85	1249.65	898.988	870.627	870.627	870.627	1187.61	870.627	1215.97
227.8	1297.41	888.611	869.617	869.617	869.617	1217.46	869.617	1236.46
227.75	1319.05	881.083	868.554	868.554	868.554	1249.36	868.554	1261.89
227.7	1309.27	875.715	867.511	867.511	867.511	1283.39	867.511	1291.59
227.65	1338.27	871.7	866.397	866.397	866.397	1319.45	866.397	1324.76
227.6	1376.8	868.563	865.189	865.189	865.189	1357.52	865.189	1360.9
227.55	1407.36	866.036	863.907	863.907	863.907	1397.57	863.907	1399.7
227.5	1419.42	863.92	862.592	862.592	862.592	1439.66	862.592	1440.99
227.45	1455.09	862.005	861.19	861.19	861.19	1483.56	861.19	1484.37
227.4	1494.43	860.187	859.692	859.692	859.692	1529.11	859.692	1529.6
227.35	1527.13	858.411	858.113	858.113	858.113	1576.17	858.113	1576.47
227.3	1594.07	856.548	856.371	856.371	856.371	1624.46	856.371	1624.64
227.25	1583.67	854.754	854.65	854.65	854.65	1673.95	854.65	1674.05
227.2	1628.92	852.878	852.818	852.818	852.818	1724.24	852.818	1724.3
227.15	1705.57	850.835	850.801	850.801	850.801	1774.96	850.801	1774.99
227.1	1771.71	848.641	848.622	848.622	848.622	1825.81	848.622	1825.83
227.05	1817.48	846.34	846.329	846.329	846.329	1876.49	846.329	1876.5
227	1844.86	843.973	843.967	843.967	843.967	1926.64	843.967	1926.65
226.95	1932.52	841.394	841.391	841.391	841.391	1975.74	841.391	1975.74
226.9	2002.21	838.646	838.644	838.644	838.644	2023.38	838.644	2023.38
226.85	2053.76	835.77	835.769	835.769	835.769	2069.17	835.769	2069.17
226.8	2084.47	832.815	832.815	832.815	832.815	2112.72	832.815	2112.72
226.75	2117.27	829.776	829.775	829.775	829.775	2153.57	829.775	2153.57
226.7	2167.36	826.611	826.611	826.611	826.611	2191.23	826.611	2191.23
226.65	2241.81	823.262	823.262	823.262	823.262	2225.24	823.262	2225.24
226.6	2339.1	819.675	819.675	819.675	819.675	2255.11	819.675	2255.11
226.55	2362.34	816.025	816.025	816.025	816.025	2280.67	816.025	2280.67
226.5	2379.74	812.325	812.325	812.325	812.325	2301.59	812.325	2301.59
226.45	2399.27	808.57	808.57	808.57	808.57	2317.39	808.57	2317.39
226.4	2386.81	804.836	804.836	804.836	804.836	2327.99	804.836	2327.99
226.35	2399.05	801.064	801.064	801.064	801.064	2333.25	801.064	2333.25
226.3	2384.52	797.317	797.317	797.317	797.317	2333.12	797.317	2333.12
226.25	2416.02	793.487	793.487	793.487	793.487	2327.45	793.487	2327.45
226.2	2399.59	789.687	789.687	789.687	789.687	2316.38	789.687	2316.38
226.15	2351.95	785.99	785.99	785.99	785.99	2300.08	785.99	2300.08
226.1	2339.64	782.314	782.314	782.314	782.314	2278.62	782.314	2278.62
226.05	2317.02	778.683	778.683	778.683	778.683	2252.22	778.683	2252.22
226	2249.7	775.202	775.202	775.202	775.202	2221.27	775.202	2221.27
225.95	2203.44	771.823	771.823	771.823	771.823	2186.03	771.823	2186.03
225.9	2152.53	768.556	768.556	768.556	768.556	2146.87	768.556	2146.87
225.85	2068.09	765.481	765.481	765.481	765.481	2104.25	765.481	2104.25
225.8	2030.69	762.488	762.488	762.488	762.488	2058.48	762.488	2058.48
225.75	1963.48	759.646	759.646	759.646	759.646	2010.08	759.646	2010.08
225.7	1874.38	757.008	757.008	757.008	757.008	1959.54	757.008	1959.54
225.65	1843.39	754.438	754.438	754.438	754.438	1907.16	754.438	1907.16
225.6	1763.02	752.051	752.051	752.051	752.051	1853.52	752.051	1853.52
225.55	1737.54	749.72	749.72	749.72	749.72	1798.91	749.72	1798.91
225.5	1659.66	747.567	747.567	747.567	747.567	1743.87	747.567	1743.87
225.45	1589.88	745.574	745.574	745.574	745.574	1688.79	745.574	1688.79
225.4	1521.42	743.738	743.738	743.738	743.738	1634.03	743.738	1634.03
225.35	1509.75	741.925	741.925	741.925	741.925	1579.82	741.925	1579.82
225.3	1471.64	740.199	740.199	740.199	740.199	1526.54	740.199	1526.54
225.25	1406.39	738.622	738.622	738.622	738.622	1474.51	738.622	1474.51
225.2	1372.2	737.123	737.123	737.123	737.123	1423.9	737.123	1423.9
225.15	1315.13	735.756	735.756	735.756	735.756	1374.95	735.756	1374.95
225.1	1301.75	734.416	734.416	734.416	734.416	1327.74	734.416	1327.74
225.05	1246.64	733.204	733.204	733.204	733.204	1282.5	733.204	1282.5
225	1227.6	732.035	732.035	732.035	732.035	1239.24	732.035	1239.24
224.95	1174.31	730.988	730.988	730.988	730.988	1198.14	730.988	1198.14
224.9	1163.63	729.965	729.965	729.965	729.965	1159.14	729.965	1159.14
224.85	1157.33	728.953	728.953	728.953	728.953	1122.26	728.953	1122.26
224.8	1128.87	728.007	728.007	728.007	728.007	1087.56	728.007	1087.56
224.75	1090.06	727.15	727.15	727.15	727.15	1055.04	727.15	1055.04
224.7	1064.03	726.353	726.353	726.353	726.353	1024.66	726.353	1024.66
224.65	1049.93	725.588	725.588	725.588	725.588	996.33	725.588	996.33
224.6	1019.82	724.891	724.891	724.891	724.891	970.041	724.891	970.041
224.55	1007.52	724.223	724.223	724.223	724.223	945.682	724.223	945.682
224.5	1001.24	723.567	723.567	723.567	723.567	923.164	723.567	923.164
224.45	993.92	722.928	722.928	722.928	722.928	902.408	722.928	902.408
224.4	985.074	722.307	722.307	722.307	722.307	883.333	722.307	883.333
224.35	955.564	721.755	721.755	721.755	721.755	865.908	721.755	865.908
224.3	959.807	721.192	721.192	721.192	721.192	850.013	721.192	850.013
224.25	956.116	720.636	720.636	720.636	720.636	835.506	720.636	835.506
224.2	943.904	720.108	720.108	720.108	720.108	822.315	720.108	822.315
224.15	910.056	719.659	719.659	719.659	719.659	810.403	719.659	810.403
224.1	937.008	719.144	719.144	719.144	719.144	799.538	719.144	799.538
224.05	899.183	718.718	718.718	718.718	718.718	789.79	718.718	789.79
224	900.327	718.289	718.289	718.289	718.289	780.985	718.289	780.985
223.95	885.681	717.893	717.893	717.893	717.893	773.083	717.893	773.083
223.9	880.206	717.508	717.508	717.508	717.508	765.988	717.508	765.988
223.85	877.213	717.131	717.131	717.131	717.131	759.626	717.131	759.626
223.8	833.241	716.856	716.856	716.856	716.856	754.026	716.856	754.026
223.75	852.084	716.536	716.536	716.536	716.536	748.98	716.536	748.98
223.7	865.211	716.184	716.184	716.184	716.184	744.443	716.184	744.443
223.65	815.475	715.949	715.949	715.949	715.949	740.512	715.949	740.512
223.6	845.077	715.644	715.644	715.644	715.644	736.948	715.644	736.948
223.55	824.887	715.385	715.385	715.385	715.385	733.824	715.385	733.824
223.5	819.317	715.139	715.139	715.139	715.139	731.065	715.139	731.065
223.45	822.323	714.886	714.886	714.886	714.886	728.611	714.886	728.611
223.4	807.024	714.668	714.668	714.668	714.668	726.473	714.668	726.473
223.35	816.433	714.427	714.427	714.427	714.427	724.558	714.427	724.558
223.3	829.278	714.155	714.155	714.155	714.155	722.832	714.155	722.832
223.25	819.294	713.906	713.906	713.906	713.906	721.329	713.906	721.329
223.2	808.249	713.683	713.683	713.683	713.683	720.021	713.683	720.021
223.15	833.79	713.399	713.399	713.399	713.399	718.8	713.399	718.8
223.1	760.804	713.287	713.287	713.287	713.287	717.879	713.287	717.879
223.05	779.075	713.131	713.131	713.131	713.131	717.028	713.131	717.028
223	793.381	712.941	712.941	712.941	712.941	716.241	712.941	716.241
222.95	786.664	712.767	712.767	712.767	712.767	715.555	712.767	715.555
222.9	782.708	712.601	712.601	712.601	712.601	714.953	712.601	714.953
222.85	777.628	712.447	712.447	712.447	712.447	714.426	712.447	714.426
222.8	748.517	712.362	712.362	712.362	712.362	714.024	712.362	714.024
222.75	785.864	712.188	712.188	712.188	712.188	713.581	712.188	713.581
222.7	781.3	712.025	712.025	712.025	712.025	713.189	712.025	713.189
222.65	767.661	711.893	711.893	711.893	711.893	712.865	711.893	712.865
222.6	771.196	711.753	711.753	711.753	711.753	712.562	711.753	712.562
222.55	770.235	711.614	711.614	711.614	711.614	712.287	711.614	712.287
222.5	750.983	711.521	711.521	711.521	711.521	712.079	711.521	712.079
222.45	737.667	711.459	711.459	711.459	711.459	711.92	711.459	711.92
222.4	758.942	711.347	711.347	711.347	711.347	711.728	711.347	711.728
222.35	758.164	711.236	711.236	711.236	711.236	711.55	711.236	711.55
222.3	758.265	711.125	711.125	711.125	711.125	711.383	711.125	711.383
222.25	744.505	711.046	711.046	711.046	711.046	711.257	711.046	711.257
222.2	724.231	711.015	711.015	711.015	711.015	711.188	711.015	711.188
222.15	764.61	710.888	710.888	710.888	710.888	711.03	710.888	711.03
222.1	760.023	710.772	710.772	710.772	710.772	710.887	710.772	710.887
222.05	739.115	710.705	710.705	710.705	710.705	710.799	710.705	710.799
222	727.138	710.666	710.666	710.666	710.666	710.742	710.666	710.742
221.95	722.783	710.637	710.637	710.637	710.637	710.699	710.637	710.699
221.9	755.959	710.53	710.53	710.53	710.53	710.58	710.53	710.58
221.85	748.435	710.44	710.44	710.44	710.44	710.481	710.44	710.481
221.8	730.644	710.392	710.392	710.392	710.392	710.425	710.392	710.425
221.75	732.963	710.339	710.339	710.339	710.339	710.365	710.339	710.365
221.7	716.841	710.323	710.323	710.323	710.323	710.345	710.323	710.345
221.65	739.516	710.254	710.254	710.254	710.254	710.271	710.254	710.271
221.6	710.457	710.254	710.254	710.254	710.254	710.267	710.254	710.267
221.55	713.456	710.246	710.246	710.246	710.246	710.257	710.246	710.257
221.5	737.749	710.181	710.181	710.181	710.181	710.19	710.181	710.19
221.45	751.712	710.083	710.083	710.083	710.083	710.09	710.083	710.09
221.4	717.422	710.066	710.066	710.066	710.066	710.071	710.066	710.071
221.35	717.69	710.048	710.048	710.048	710.048	710.052	710.048	710.052
221.3	711.852	710.043	710.043	710.043	710.043	710.047	710.043	710.047
221.25	733.679	709.987	709.987	709.987	709.987	709.99	709.987	709.99
221.2	722.424	709.958	709.958	709.958	709.958	709.96	709.958	709.96
221.15	722.264	709.929	709.929	709.929	709.929	709.93	709.929	709.93
221.1	726.475	709.89	709.89	709.89	709.89	709.891	709.89	709.891
221.05	733.358	709.834	709.834	709.834	709.834	709.835	709.834	709.835
221	725.377	709.797	709.797	709.797	709.797	709.798	709.797	709.798
220.95	710.611	709.795	709.795	709.795	709.795	709.796	709.795	709.796
220.9	702.676	709.779	709.779	709.779	709.779	709.779	709.779	709.779
220.85	729.311	709.732	709.732	709.732	709.732	709.733	709.732	709.733
220.8	727.955	709.689	709.689	709.689	709.689	709.69	709.689	709.69
220.75	712.137	709.684	709.684	709.684	709.684	709.684	709.684	709.684
220.7	726.403	709.644	709.644	709.644	709.644	709.644	709.644	709.644
220.65	691.415	709.601	709.601	709.601	709.601	709.601	709.601	709.601
220.6	713.535	709.592	709.592	709.592	709.592	709.592	709.592	709.592
220.55	714.681	709.58	709.58	709.58	709.58	709.58	709.58	709.58
220.5	715.952	709.565	709.565	709.565	709.565	709.565	709.565	709.565
220.45	710.807	709.562	709.562	709.562	709.562	709.562	709.562	709.562
220.4	691.882	709.52	709.52	709.52	709.52	709.52	709.52	709.52
220.35	714.08	709.509	709.509	709.509	709.509	709.509	709.509	709.509
220.3	723.104	709.477	709.477	709.477	709.477	709.477	709.477	709.477
220.25	711.398	709.473	709.473	709.473	709.473	709.473	709.473	709.473
220.2	707.945	709.469	709.469	709.469	709.469	709.469	709.469	709.469
220.15	715.789	709.454	709.454	709.454	709.454	709.454	709.454	709.454
220.1	724.064	709.419	709.419	709.419	709.419	709.419	709.419	709.419
220.05	719.876	709.395	709.395	709.395	709.395	709.395	709.395	709.395
220	693.587	709.357	709.357	709.357	709.357	709.357	709.357	709.357
219.95	686.968	709.305	709.305	709.305	709.305	709.305	709.305	709.305
219.9	703.159	709.29	709.29	709.29	709.29	709.29	709.29	709.29
219.85	700.131	709.269	709.269	709.269	709.269	709.269	709.269	709.269
219.8	693.848	709.232	709.232	709.232	709.232	709.232	709.232	709.232
219.75	721.186	709.204	709.204	709.204	709.204	709.204	709.204	709.204
219.7	708.507	709.202	709.202	709.202	709.202	709.202	709.202	709.202
219.65	707.664	709.199	709.199	709.199	709.199	709.199	709.199	709.199
219.6	715.724	709.183	709.183	709.183	709.183	709.183	709.183	709.183
219.55	707.899	709.18	709.18	709.18	709.18	709.18	709.18	709.18
219.5	705.926	709.173	709.173	709.173	709.173	709.173	709.173	709.173
219.45	706.557	709.167	709.167	709.167	709.167	709.167	709.167	709.167
219.4	728.896	709.12	709.12	709.12	709.12	709.12	709.12	709.12
219.35	714.508	709.107	709.107	709.107	709.107	709.107	709.107	709.107
219.3	707.024	709.102	709.102	709.102	709.102	709.102	709.102	709.102
219.25	692.074	709.062	709.062	709.062	709.062	709.062	709.062	709.062
219.2	701.999	709.045	709.045	709.045	709.045	709.045	709.045	709.045
219.15	711.823	709.039	709.039	709.039	709.039	709.039	709.039	709.039
219.1	708.857	709.038	709.038	709.038	709.038	709.038	709.038	709.038
219.05	718.148	709.017	709.017	709.017	709.017	709.017	709.017	709.017
219	699.814	708.995	708.995	708.995	708.995	708.995	708.995	708.995
218.95	700.996	708.976	708.976	708.976	708.976	708.976	708.976	708.976
218.9	726.903	708.934	708.934	708.934	708.934	708.934	708.934	708.934
218.85	689.853	708.889	708.889	708.889	708.889	708.889	708.889	708.889
218.8	715.812	708.873	708.873	708.873	708.873	708.873	708.873	708.873
218.75	713.27	708.862	708.862	708.862	708.862	708.862	708.862	708.862
218.7	704.593	708.852	708.852	708.852	708.852	708.852	708.852	708.852
218.65	705.73	708.845	708.845	708.845	708.845	708.845	708.845	708.845
218.6	694.24	708.81	708.81	708.81	708.81	708.81	708.81	708.81
218.55	694.753	708.777	708.777	708.777	708.777	708.777	708.777	708.777
218.5	703.679	708.765	708.765	708.765	708.765	708.765	708.765	708.765
218.45	729.226	708.717	708.717	708.717	708.717	708.717	708.717	708.717
218.4	711.751	708.71	708.71	708.71	708.71	708.71	708.71	708.71
218.35	711.562	708.703	708.703	708.703	708.703	708.703	708.703	708.703
218.3	708.703	708.703	708.703	708.703	708.703	708.703	708.703	708.703
218.25	703.234	703.234	703.234	703.234	703.234	703.234	703.234	703.234
218.2	721.558	721.558	721.558	721.558	721.558	721.558	721.558	721.558
218.15	704.139	704.139	704.139	704.139	704.139	704.139	704.139	704.139
218.1	695.188	695.188	695.188	695.188	695.188	695.188	695.188	695.188
218.05	682.159	682.159	682.159	682.159	682.159	682.159	682.159	682.159
218	691.846	691.846	691.846	691.846	691.846	691.846	691.846	691.846
