278	1560.32	1560.32	1560.32	1560.32	1560.32	1560.32
277.95	1571.96	1571.96	1571.96	1571.96	1571.96	1571.96
277.9	1576.29	1576.29	1576.29	1576.29	1576.29	1576.29
277.85	1552.6	1552.6	1552.6	1552.6	1552.6	1552.6
277.8	1571.28	1571.28	1571.28	1571.28	1571.28	1571.28
277.75	1533.83	1533.83	1533.83	1533.83	1533.83	1533.83
277.7	1608.45	1608.45	1608.45	1608.45	1608.45	1608.45
277.65	1615.45	1615.45	1615.45	1615.45	1615.45	1615.45
277.6	1582.72	1582.72	1582.72	1582.72	1582.72	1582.72
277.55	1599.3	1599.3	1599.3	1599.3	1599.3	1599.3
277.5	1570.09	1570.09	1570.09	1570.09	1570.09	1570.09
277.45	1582.69	1582.69	1582.69	1582.69	1582.69	1582.69
277.4	1581.28	1581.28	1581.28	1581.28	1581.28	1581.28
277.35	1566.14	1566.14	1566.14	1566.14	1566.14	1566.14
277.3	1595.72	1595.72	1595.72	1595.72	1595.72	1595.72
277.25	1565.53	1565.53	1565.53	1565.53	1565.53	1565.53
277.2	1589.27	1589.27	1589.27	1589.27	1589.27	1589.27
277.15	1612	1612	1612	1612	1612	1612
277.1	1563.59	1563.59	1563.59	1563.59	1563.59	1563.59
277.05	1571.19	1571.19	1571.19	1571.19	1571.19	1571.19
277	1580.75	1580.75	1580.75	1580.75	1580.75	1580.75
276.95	1598.53	1598.53	1598.53	1598.53	1598.53	1598.53
276.9	1575.05	1575.05	1575.05	1575.05	1575.05	1575.05
276.85	1587.27	1587.27	1587.27	1587.27	1587.27	1587.27
276.8	1582.47	1582.47	1582.47	1582.47	1582.47	1582.47
276.75	1558.98	1558.98	1558.98	1558.98	1558.98	1558.98
276.7	1549.79	1549.79	1549.79	1549.79	1549.79	1549.79
276.65	1579.58	1579.58	1579.58	1579.58	1579.58	1579.58
276.6	1616.44	1616.44	1616.44	1616.44	1616.44	1616.44
276.55	1583.25	1583.25	1583.25	1583.25	1583.25	1583.25
276.5	1603.38	1603.38	1603.38	1603.38	1603.38	1603.38
276.45	1620.11	1620.11	1620.11	1620.11	1620.11	1620.11
276.4	1604.17	1604.17	1604.17	1604.17	1604.17	1604.17
276.35	1622.79	1622.79	1622.79	1622.79	1622.79	1622.79
276.3	1586.75	1586.75	1586.75	1586.75	1586.75	1586.75
276.25	1608.92	1608.92	1608.92	1608.92	1608.92	1608.92
276.2	1579.73	1579.73	1579.73	1579.73	1579.73	1579.73
276.15	1582.05	1582.05	1582.05	1582.05	1582.05	1582.05
276.1	1570.52	1570.52	1570.52	1570.52	1570.52	1570.52
276.05	1600.74	1600.74	1600.74	1600.74	1600.74	1600.74
276	1566.3	1566.3	1566.3	1566.3	1566.3	1566.3
275.95	1569.72	1569.72	1569.72	1569.72	1569.72	1569.72
275.9	1563.77	1563.77	1563.77	1563.77	1563.77	1563.77
275.85	1593.04	1593.04	1593.04	1593.04	1593.04	1593.04
275.8	1588.73	1588.73	1588.73	1588.73	1588.73	1588.73
275.75	1574.8	1574.8	1574.8	1574.8	1574.8	1574.8
275.7	1576.64	1576.64	1576.64	1576.64	1576.64	1576.64
275.65	1565.02	1565.02	1565.02	1565.02	1565.02	1565.02
275.6	1589.18	1589.18	1589.18	1589.18	1589.18	1589.18
275.55	1590.23	1590.23	1590.23	1590.23	1590.23	1590.23
275.5	1591.67	1591.67	1591.67	1591.67	1591.67	1591.67
275.45	1572.17	1572.17	1572.17	1572.17	1572.17	1572.17
275.4	1558.88	1558.88	1558.88	1558.88	1558.88	1558.88
275.35	1599.67	1599.67	1599.67	1599.67	1599.67	1599.67
275.3	1620.87	1620.87	1620.87	1620.87	1620.87	1620.87
275.25	1589.87	1589.87	1589.87	1589.87	1589.87	1589.87
275.2	1578.69	1578.69	1578.69	1578.69	1578.69	1578.69
275.15	1557.56	1557.56	1557.56	1557.56	1557.56	1557.56
275.1	1587.8	1587.8	1587.8	1587.8	1587.8	1587.8
275.05	1595.96	1595.96	1595.96	1595.96	1595.96	1595.96
275	1592.71	1592.71	1592.71	1592.71	1592.71	1592.71
274.95	1626.64	1626.64	1626.64	1626.64	1626.64	1626.64
274.9	1577.27	1577.27	1577.27	1577.27	1577.27	1577.27
274.85	1600.64	1600.64	1600.64	1600.64	1600.64	1600.64
274.8	1539.14	1539.14	1539.14	1539.14	1539.14	1539.14
274.75	1562.31	1562.31	1562.31	1562.31	1562.31	1562.31
274.7	1565.5	1565.5	1565.5	1565.5	1565.5	1565.5
274.65	1591.71	1591.71	1591.71	1591.71	1591.71	1591.71
274.6	1559.02	1559.02	1559.02	1559.02	1559.02	1559.02
274.55	1546.3	1546.3	1546.3	1546.3	1546.3	1546.3
274.5	1544.97	1544.97	1544.97	1544.97	1544.97	1544.97
274.45	1566.94	1566.94	1566.94	1566.94	1566.94	1566.94
274.4	1566.25	1566.25	1566.25	1566.25	1566.25	1566.25
274.35	1583.32	1583.32	1583.32	1583.32	1583.32	1583.32
274.3	1575.06	1575.06	1575.06	1575.06	1575.06	1575.06
274.25	1593.31	1593.31	1593.31	1593.31	1593.31	1593.31
274.2	1546.37	1546.37	1546.37	1546.37	1546.37	1546.37
274.15	1564.95	1564.95	1564.95	1564.95	1564.95	1564.95
274.1	1531.38	1531.38	1531.38	1531.38	1531.38	1531.38
274.05	1531.5	1531.5	1531.5	1531.5	1531.5	1531.5
274	1553.43	1553.43	1553.43	1553.43	1553.43	1553.43
273.95	1556.64	1556.64	1556.64	1556.64	1556.64	1556.64
273.9	1608.29	1608.29	1608.29	1608.29	1608.29	1608.29
273.85	1583.46	1583.46	1583.46	1583.46	1583.46	1583.46
273.8	1526.4	1526.4	1526.4	1526.4	1526.4	1526.4
273.75	1557.92	1557.92	1557.92	1557.92	1557.92	1557.92
273.7	1513.46	1513.46	1513.46	1513.46	1513.46	1513.46
273.65	1549.82	1549.82	1549.82	1549.82	1549.82	1549.82
273.6	1527.48	1527.48	1527.48	1527.48	1527.48	1527.48
273.55	1541.34	1541.34	1541.34	1541.34	1541.34	1541.34
273.5	1516.59	1516.59	1516.59	1516.59	1516.59	1516.59
273.45	1556.34	1556.34	1556.34	1556.34	1556.34	1556.34
273.4	1532.78	1532.78	1532.78	1532.78	1532.78	1532.78
273.35	1566.39	1566.39	1566.39	1566.39	1566.39	1566.39
273.3	1566.9	1566.9	1566.9	1566.9	1566.9	1566.9
273.25	1578.58	1578.58	1578.58	1578.58	1578.58	1578.58
273.2	1530.27	1530.27	1530.27	1530.27	1530.27	1530.27
273.15	1534.78	1534.78	1534.78	1534.78	1534.78	1534.78
273.1	1518.64	1518.64	1518.64	1518.64	1518.64	1518.64
273.05	1547.52	1547.52	1547.52	1547.52	1547.52	1547.52
273	1549.32	1549.32	1549.32	1549.32	1549.32	1549.32
272.95	1543.95	1543.95	1543.95	1543.95	1543.95	1543.95
272.9	1518.16	1518.16	1518.16	1518.16	1518.16	1518.16
272.85	1531.97	1531.97	1531.97	1531.97	1531.97	1531.97
272.8	1541.27	1541.27	1541.27	1541.27	1541.27	1541.27
272.75	1560.07	1560.07	1560.07	1560.07	1560.07	1560.07
272.7	1550.47	1550.47	1550.47	1550.47	1550.47	1550.47
272.65	1537.01	1537.01	1537.01	1537.01	1537.01	1537.01
272.6	1515.11	1515.11	1515.11	1515.11	1515.11	1515.11
272.55	1486.6	1486.6	1486.6	1486.6	1486.6	1486.6
272.5	1469.98	1469.98	1469.98	1469.98	1469.98	1469.98
272.45	1521.73	1521.73	1521.73	1521.73	1521.73	1521.73
272.4	1581.33	1581.33	1581.33	1581.33	1581.33	1581.33
272.35	1538.65	1538.65	1538.65	1538.65	1538.65	1538.65
272.3	1512.19	1512.19	1512.19	1512.19	1512.19	1512.19
272.25	1499.62	1499.62	1499.62	1499.62	1499.62	1499.62
272.2	1528.47	1528.47	1528.47	1528.47	1528.47	1528.47
272.15	1522.63	1522.63	1522.63	1522.63	1522.63	1522.63
272.1	1509.68	1509.68	1509.68	1509.68	1509.68	1509.68
272.05	1542.61	1542.61	1542.61	1542.61	1542.61	1542.61
272	1501.45	1501.45	1501.45	1501.45	1501.45	1501.45
271.95	1503.32	1503.32	1503.32	1503.32	1503.32	1503.32
271.9	1547.42	1547.42	1547.42	1547.42	1547.42	1547.42
271.85	1515.84	1515.84	1515.84	1515.84	1515.84	1515.84
271.8	1508.63	1508.63	1508.63	1508.63	1508.63	1508.63
271.75	1550.79	1550.79	1550.79	1550.79	1550.79	1550.79
271.7	1521.39	1521.39	1521.39	1521.39	1521.39	1521.39
271.65	1505.69	1505.69	1505.69	1505.69	1505.69	1505.69
271.6	1512.66	1512.66	1512.66	1512.66	1512.66	1512.66
271.55	1494.18	1494.18	1494.18	1494.18	1494.18	1494.18
271.5	1485.75	1485.75	1485.75	1485.75	1485.75	1485.75
271.45	1467.61	1467.61	1467.61	1467.61	1467.61	1467.61
271.4	1507.8	1507.8	1507.8	1507.8	1507.8	1507.8
271.35	1484.17	1484.17	1484.17	1484.17	1484.17	1484.17
271.3	1507.5	1507.5	1507.5	1507.5	1507.5	1507.5
271.25	1517.4	1517.4	1517.4	1517.4	1517.4	1517.4
271.2	1501.07	1501.07	1501.07	1501.07	1501.07	1501.07
271.15	1489.1	1489.1	1489.1	1489.1	1489.1	1489.1
271.1	1524.08	1524.08	1524.08	1524.08	1524.08	1524.08
271.05	1503.88	1503.88	1503.88	1503.88	1503.88	1503.88
271	1507.14	1507.14	1507.14	1507.14	1507.14	1507.14
270.95	1478.88	1478.88	1478.88	1478.88	1478.88	1478.88
270.9	1474.61	1474.61	1474.61	1474.61	1474.61	1474.61
270.85	1499.4	1499.4	1499.4	1499.4	1499.4	1499.4
270.8	1516.13	1516.13	1516.13	1516.13	1516.13	1516.13
270.75	1507.8	1507.8	1507.8	1507.8	1507.8	1507.8
270.7	1529.47	1529.47	1529.47	1529.47	1529.47	1529.47
270.65	1488.81	1488.81	1488.81	1488.81	1488.81	1488.81
270.6	1488.54	1488.54	1488.54	1488.54	1488.54	1488.54
270.55	1496.36	1496.36	1496.36	1496.36	1496.36	1496.36
270.5	1457.85	1457.85	1457.85	1457.85	1457.85	1457.85
270.45	1474.94	1474.94	1474.94	1474.94	1474.94	1474.94
270.4	1506.99	1506.99	1506.99	1506.99	1506.99	1506.99
270.35	1467.93	1467.93	1467.93	1467.93	1467.93	1467.93
270.3	1483.74	1483.74	1483.74	1483.74	1483.74	1483.74
270.25	1464.56	1464.56	1464.56	1464.56	1464.56	1464.56
270.2	1487.9	1487.9	1487.9	1487.9	1487.9	1487.9
270.15	1467.73	1467.73	1467.73	1467.73	1467.73	1467.73
270.1	1472.61	1472.61	1472.61	1472.61	1472.61	1472.61
270.05	1462.36	1462.36	1462.36	1462.36	1462.36	1462.36
270	1464.2	1464.2	1464.2	1464.2	1464.2	1464.2
269.95	1455.96	1455.96	1455.96	1455.96	1455.96	1455.96
269.9	1498.35	1498.35	1498.35	1498.35	1498.35	1498.35
269.85	1466.84	1466.84	1466.84	1466.84	1466.84	1466.84
269.8	1475.39	1475.39	1475.39	1475.39	1475.39	1475.39
269.75	1479.27	1479.27	1479.27	1479.27	1479.27	1479.27
269.7	1496.4	1496.4	1496.4	1496.4	1496.4	1496.4
269.65	1478.18	1478.18	1478.18	1478.18	1478.18	1478.18
269.6	1462.92	1462.92	1462.92	1462.92	1462.92	1462.92
269.55	1454.4	1454.4	1454.4	1454.4	1454.4	1454.4
269.5	1448.86	1448.86	1448.86	1448.86	1448.86	1448.86
269.45	1485.02	1485.02	1485.02	1485.02	1485.02	1485.02
269.4	1494.89	1494.89	1494.89	1494.89	1494.89	1494.89
269.35	1490.23	1490.23	1490.23	1490.23	1490.23	1490.23
269.3	1479.33	1479.33	1479.33	1479.33	1479.33	1479.33
269.25	1479.61	1479.61	1479.61	1479.61	1479.61	1479.61
269.2	1477.3	1477.3	1477.3	1477.3	1477.3	1477.3
269.15	1475.35	1475.35	1475.35	1475.35	1475.35	1475.35
269.1	1503.11	1503.11	1503.11	1503.11	1503.11	1503.11
269.05	1473.15	1473.15	1473.15	1473.15	1473.15	1473.15
269	1448.96	1448.96	1448.96	1448.96	1448.96	1448.96
268.95	1490.53	1490.53	1490.53	1490.53	1490.53	1490.53
268.9	1485.16	1485.16	1485.16	1485.16	1485.16	1485.16
268.85	1461.01	1461.01	1461.01	1461.01	1461.01	1461.01
268.8	1450.31	1450.31	1450.31	1450.31	1450.31	1450.31
268.75	1438.36	1438.36	1438.36	1438.36	1438.36	1438.36
268.7	1445.51	1445.51	1445.51	1445.51	1445.51	1445.51
268.65	1434.82	1434.82	1434.82	1434.82	1434.82	1434.82
268.6	1438.71	1438.71	1438.71	1438.71	1438.71	1438.71
268.55	1463.37	1463.37	1463.37	1463.37	1463.37	1463.37
268.5	1454.76	1454.76	1454.76	1454.76	1454.76	1454.76
268.45	1427.05	1427.05	1427.05	1427.05	1427.05	1427.05
268.4	1434.98	1434.98	1434.98	1434.98	1434.98	1434.98
268.35	1446.79	1446.79	1446.79	1446.79	1446.79	1446.79
268.3	1457.11	1457.11	1457.11	1457.11	1457.11	1457.11
268.25	1443.37	1443.37	1443.37	1443.37	1443.37	1443.37
268.2	1478.97	1478.97	1478.97	1478.97	1478.97	1478.97
268.15	1452.95	1452.95	1452.95	1452.95	1452.95	1452.95
268.1	1419.65	1419.65	1419.65	1419.65	1419.65	1419.65
268.05	1422.91	1422.91	1422.91	1422.91	1422.91	1422.91
268	1437.12	1437.12	1437.12	1437.12	1437.12	1437.12
267.95	1441.84	1441.84	1441.84	1441.84	1441.84	1441.84
267.9	1451.26	1451.26	1451.26	1451.26	1451.26	1451.26
267.85	1451.22	1451.22	1451.22	1451.22	1451.22	1451.22
267.8	1453.08	1453.08	1453.08	1453.08	1453.08	1453.08
267.75	1459.36	1459.36	1459.36	1459.36	1459.36	1459.36
267.7	1447.24	1447.24	1447.24	1447.24	1447.24	1447.24
267.65	1443.03	1443.03	1443.03	1443.03	1443.03	1443.03
267.6	1446.82	1446.82	1446.82	1446.82	1446.82	1446.82
267.55	1448.8	1448.8	1448.8	1448.8	1448.8	1448.8
267.5	1417.34	1417.34	1417.34	1417.34	1417.34	1417.34
267.45	1474.06	1474.06	1474.06	1474.06	1474.06	1474.06
267.4	1422.14	1422.14	1422.14	1422.14	1422.14	1422.14
267.35	1467.53	1467.53	1467.53	1467.53	1467.53	1467.53
267.3	1469.57	1469.57	1469.57	1469.57	1469.57	1469.57
267.25	1466.92	1466.92	1466.92	1466.92	1466.92	1466.92
267.2	1460.54	1460.54	1460.54	1460.54	1460.54	1460.54
267.15	1457.8	1457.8	1457.8	1457.8	1457.8	1457.8
267.1	1453.01	1453.01	1453.01	1453.01	1453.01	1453.01
267.05	1411.23	1411.23	1411.23	1411.23	1411.23	1411.23
267	1433.34	1433.34	1433.34	1433.34	1433.34	1433.34
266.95	1485.21	1485.21	1485.21	1485.21	1485.21	1485.21
266.9	1435.62	1435.62	1435.62	1435.62	1435.62	1435.62
266.85	1397.74	1397.74	1397.74	1397.74	1397.74	1397.74
266.8	1457.19	1457.19	1457.19	1457.19	1457.19	1457.19
266.75	1452.21	1452.21	1452.21	1452.21	1452.21	1452.21
266.7	1420.03	1420.03	1420.03	1420.03	1420.03	1420.03
266.65	1407.17	1407.17	1407.17	1407.17	1407.17	1407.17
266.6	1428.45	1428.45	1428.45	1428.45	1428.45	1428.45
266.55	1481.77	1481.77	1481.77	1481.77	1481.77	1481.77
266.5	1433.45	1433.45	1433.45	1433.45	1433.45	1433.45
266.45	1426.28	1426.28	1426.28	1426.28	1426.28	1426.28
266.4	1437.75	1437.75	1437.75	1437.75	1437.75	1437.75
266.35	1408.5	1408.5	1408.5	1408.5	1408.5	1408.5
266.3	1452.23	1452.23	1452.23	1452.23	1452.23	1452.23
266.25	1455.22	1455.22	1455.22	1455.22	1455.22	1455.22
266.2	1463.46	1463.46	1463.46	1463.46	1463.46	1463.46
266.15	1438.13	1438.13	1438.13	1438.13	1438.13	1438.13
266.1	1432.18	1432.18	1432.18	1432.18	1432.18	1432.18
266.05	1461.91	1461.91	1461.91	1461.91	1461.91	1461.91
266	1419.9	1419.9	1419.9	1419.9	1419.9	1419.9
265.95	1460.18	1460.18	1460.18	1460.18	1460.18	1460.18
265.9	1498.47	1498.47	1498.47	1498.47	1498.47	1498.47
265.85	1425.59	1425.59	1425.59	1425.59	1425.59	1425.59
265.8	1452.81	1452.81	1452.81	1452.81	1452.81	1452.81
265.75	1456.78	1456.78	1456.78	1456.78	1456.78	1456.78
265.7	1447.41	1447.41	1447.41	1447.41	1447.41	1447.41
265.65	1447.98	1447.98	1447.98	1447.98	1447.98	1447.98
265.6	1418.93	1418.93	1418.93	1418.93	1418.93	1418.93
265.55	1460.02	1460.02	1460.02	1460.02	1460.02	1460.02
265.5	1461.07	1461.07	1461.07	1461.07	1461.07	1461.07
265.45	1436.26	1436.26	1436.26	1436.26	1436.26	1436.26
265.4	1458.33	1458.33	1458.33	1458.33	1458.33	1458.33
265.35	1467.45	1467.45	1467.45	1467.45	1467.45	1467.45
265.3	1428.49	1428.49	1428.49	1428.49	1428.49	1428.49
265.25	1454.84	1454.84	1454.84	1454.84	1454.84	1454.84
265.2	1443.12	1443.12	1443.12	1443.12	1443.12	1443.12
265.15	1451.74	1451.74	1451.74	1451.74	1451.74	1451.74
265.1	1450.75	1450.75	1450.75	1450.75	1450.75	1450.75
265.05	1472.72	1472.72	1472.72	1472.72	1472.72	1472.72
265	1477.32	1477.32	1477.32	1477.32	1477.32	1477.32
264.95	1448.12	1448.12	1448.12	1448.12	1448.12	1448.12
264.9	1446.86	1446.86	1446.86	1446.86	1446.86	1446.86
264.85	1432.24	1432.24	1432.24	1432.24	1432.24	1432.24
264.8	1422.82	1422.82	1422.82	1422.82	1422.82	1422.82
264.75	1492.1	1492.1	1492.1	1492.1	1492.1	1492.1
264.7	1462.79	1462.79	1462.79	1462.79	1462.79	1462.79
264.65	1427.92	1427.92	1427.92	1427.92	1427.92	1427.92
264.6	1435.72	1435.72	1435.72	1435.72	1435.72	1435.72
264.55	1436.15	1436.15	1436.15	1436.15	1436.15	1436.15
264.5	1427.35	1427.35	1427.35	1427.35	1427.35	1427.35
264.45	1436.72	1436.72	1436.72	1436.72	1436.72	1436.72
264.4	1471.68	1471.68	1471.68	1471.68	1471.68	1471.68
264.35	1496.01	1496.01	1496.01	1496.01	1496.01	1496.01
264.3	1429.88	1429.88	1429.88	1429.88	1429.88	1429.88
264.25	1437.75	1437.75	1437.75	1437.75	1437.75	1437.75
264.2	1444.63	1444.63	1444.63	1444.63	1444.63	1444.63
264.15	1476.77	1476.77	1476.77	1476.77	1476.77	1476.77
264.1	1448.75	1448.75	1448.75	1448.75	1448.75	1448.75
264.05	1474.59	1474.59	1474.59	1474.59	1474.59	1474.59
264	1464.25	1464.25	1464.25	1464.25	1464.25	1464.25
263.95	1452.85	1452.85	1452.85	1452.85	1452.85	1452.85
263.9	1473.75	1473.75	1473.75	1473.75	1473.75	1473.75
263.85	1477.61	1477.61	1477.61	1477.61	1477.61	1477.61
263.8	1486.06	1486.06	1486.06	1486.06	1486.06	1486.06
263.75	1492.52	1492.52	1492.52	1492.52	1492.52	1492.52
263.7	1469.47	1469.47	1469.47	1469.47	1469.47	1469.47
263.65	1448.53	1448.53	1448.53	1448.53	1448.53	1448.53
263.6	1449.76	1449.76	1449.76	1449.76	1449.76	1449.76
263.55	1451.07	1451.07	1451.07	1451.07	1451.07	1451.07
263.5	1458.42	1458.42	1458.42	1458.42	1458.42	1458.42
263.45	1505.79	1505.79	1505.79	1505.79	1505.79	1505.79
263.4	1461.28	1461.28	1461.28	1461.28	1461.28	1461.28
263.35	1465.2	1465.2	1465.2	1465.2	1465.2	1465.2
263.3	1480.76	1480.76	1480.76	1480.76	1480.76	1480.76
263.25	1495.2	1495.2	1495.2	1495.2	1495.2	1495.2
263.2	1476.89	1476.89	1476.89	1476.89	1476.89	1476.89
263.15	1468.32	1468.32	1468.32	1468.32	1468.32	1468.32
263.1	1489.97	1489.97	1489.97	1489.97	1489.97	1489.97
263.05	1439.95	1439.95	1439.95	1439.95	1439.95	1439.95
263	1481.7	1481.7	1481.7	1481.7	1481.7	1481.7
262.95	1482.99	1482.99	1482.99	1482.99	1482.99	1482.99
262.9	1461.78	1461.78	1461.78	1461.78	1461.78	1461.78
262.85	1508.36	1508.36	1508.36	1508.36	1508.36	1508.36
262.8	1515.45	1515.45	1515.45	1515.45	1515.45	1515.45
262.75	1452.34	1452.34	1452.34	1452.34	1452.34	1452.34
262.7	1484.91	1484.91	1484.91	1484.91	1484.91	1484.91
262.65	1478.96	1478.96	1478.96	1478.96	1478.96	1478.96
262.6	1518.53	1518.53	1518.53	1518.53	1518.53	1518.53
262.55	1484.32	1484.32	1484.32	1484.32	1484.32	1484.32
262.5	1512.2	1512.2	1512.2	1512.2	1512.2	1512.2
262.45	1486.23	1486.23	1486.23	1486.23	1486.23	1486.23
262.4	1495.49	1495.49	1495.49	1495.49	1495.49	1495.49
262.35	1502.59	1502.59	1502.59	1502.59	1502.59	1502.59
262.3	1498.73	1498.73	1498.73	1498.73	1498.73	1498.73
262.25	1472.28	1472.28	1472.28	1472.28	1472.28	1472.28
262.2	1559.7	1559.7	1559.7	1559.7	1559.7	1559.7
262.15	1508.31	1508.31	1508.31	1508.31	1508.31	1508.31
262.1	1465.02	1465.02	1465.02	1465.02	1465.02	1465.02
262.05	1494.75	1494.75	1494.75	1494.75	1494.75	1494.75
262	1498.35	1498.35	1498.35	1498.35	1498.35	1498.35
261.95	1501.91	1501.91	1501.91	1501.91	1501.91	1501.91
261.9	1520.53	1520.53	1520.53	1520.53	1520.53	1520.53
261.85	1503.43	1503.43	1503.43	1503.43	1503.43	1503.43
261.8	1532.01	1532.01	1532.01	1532.01	1532.01	1532.01
261.75	1524.73	1524.73	1524.73	1524.73	1524.73	1524.73
261.7	1507.06	1507.06	1507.06	1507.06	1507.06	1507.06
261.65	1490.04	1490.04	1490.04	1490.04	1490.04	1490.04
261.6	1513.38	1513.38	1513.38	1513.38	1513.38	1513.38
261.55	1547.43	1547.43	1547.43	1547.43	1547.43	1547.43
261.5	1533.89	1533.89	1533.89	1533.89	1533.89	1533.89
261.45	1565.9	1565.9	1565.9	1565.9	1565.9	1565.9
261.4	1533.15	1533.15	1533.15	1533.15	1533.15	1533.15
261.35	1547.87	1547.87	1547.87	1547.87	1547.87	1547.87
261.3	1539.32	1539.32	1539.32	1539.32	1539.32	1539.32
261.25	1539.84	1539.84	1539.84	1539.84	1539.84	1539.84
261.2	1533.56	1533.56	1533.56	1533.56	1533.56	1533.56
261.15	1550.65	1550.65	1550.65	1550.65	1550.65	1550.65
261.1	1577.24	1577.24	1577.24	1577.24	1577.24	1577.24
261.05	1529.81	1529.81	1529.81	1529.81	1529.81	1529.81
261	1559.68	1559.68	1559.68	1559.68	1559.68	1559.68
260.95	1542.52	1542.52	1542.52	1542.52	1542.52	1542.52
260.9	1543.32	1543.32	1543.32	1543.32	1543.32	1543.32
260.85	1530.75	1530.75	1530.75	1530.75	1530.75	1530.75
260.8	1573.38	1573.38	1573.38	1573.38	1573.38	1573.38
260.75	1565.93	1565.93	1565.93	1565.93	1565.93	1565.93
260.7	1542.67	1542.67	1542.67	1542.67	1542.67	1542.67
260.65	1557.59	1557.59	1557.59	1557.59	1557.59	1557.59
260.6	1552.97	1552.97	1552.97	1552.97	1552.97	1552.97
260.55	1572.2	1572.2	1572.2	1572.2	1572.2	1572.2
260.5	1572.36	1572.36	1572.36	1572.36	1572.36	1572.36
260.45	1592.52	1592.52	1592.52	1592.52	1592.52	1592.52
260.4	1595	1595	1595	1595	1595	1595
260.35	1592.73	1592.73	1592.73	1592.73	1592.73	1592.73
260.3	1567.5	1567.5	1567.5	1567.5	1567.5	1567.5
260.25	1575.93	1575.93	1575.93	1575.93	1575.93	1575.93
260.2	1572.56	1572.56	1572.56	1572.56	1572.56	1572.56
260.15	1552.92	1552.92	1552.92	1552.92	1552.92	1552.92
260.1	1598.44	1598.44	1598.44	1598.44	1598.44	1598.44
260.05	1609.07	1609.07	1609.07	1609.07	1609.07	1609.07
260	1601.59	1601.59	1601.59	1601.59	1601.59	1601.59
259.95	1636.27	1636.27	1636.27	1636.27	1636.27	1636.27
259.9	1617.32	1617.32	1617.32	1617.32	1617.32	1617.32
259.85	1629.2	1629.2	1629.2	1629.2	1629.2	1629.2
259.8	1613.48	1613.48	1613.48	1613.48	1613.48	1613.48
259.75	1573.43	1573.43	1573.43	1573.43	1573.43	1573.43
259.7	1583.14	1583.14	1583.14	1583.14	1583.14	1583.14
259.65	1631.74	1631.74	1631.74	1631.74	1631.74	1631.74
259.6	1650.35	1650.35	1650.35	1650.35	1650.35	1650.35
259.55	1638.49	1638.49	1638.49	1638.49	1638.49	1638.49
259.5	1630.24	1630.24	1630.24	1630.24	1630.24	1630.24
259.45	1626.42	1626.42	1626.42	1626.42	1626.42	1626.42
259.4	1639.74	1639.74	1639.74	1639.74	1639.74	1639.74
259.35	1637.68	1637.68	1637.68	1637.68	1637.68	1637.68
259.3	1648.66	1648.66	1648.66	1648.66	1648.66	1648.66
259.25	1645.33	1645.33	1645.33	1645.33	1645.33	1645.33
259.2	1677.31	1677.31	1677.31	1677.31	1677.31	1677.31
259.15	1671.71	1671.71	1671.71	1671.71	1671.71	1671.71
259.1	1676.92	1676.92	1676.92	1676.92	1676.92	1676.92
259.05	1683.54	1683.54	1683.54	1683.54	1683.54	1683.54
259	1677.94	1677.94	1677.94	1677.94	1677.94	1677.94
258.95	1681.82	1681.82	1681.82	1681.82	1681.82	1681.82
258.9	1655.95	1655.95	1655.95	1655.95	1655.95	1655.95
258.85	1659.54	1659.54	1659.54	1659.54	1659.54	1659.54
258.8	1683.06	1683.06	1683.06	1683.06	1683.06	1683.06
258.75	1673.94	1673.94	1673.94	1673.94	1673.94	1673.94
258.7	1692.79	1692.79	1692.79	1692.79	1692.79	1692.79
258.65	1682.1	1682.1	1682.1	1682.1	1682.1	1682.1
258.6	1662.58	1662.58	1662.58	1662.58	1662.58	1662.58
258.55	1678.51	1678.51	1678.51	1678.51	1678.51	1678.51
258.5	1706.34	1706.34	1706.34	1706.34	1706.34	1706.34
258.45	1740.25	1740.25	1740.25	1740.25	1740.25	1740.25
258.4	1710.02	1710.02	1710.02	1710.02	1710.02	1710.02
258.35	1703.34	1703.34	1703.34	1703.34	1703.34	1703.34
258.3	1764.91	1764.91	1764.91	1764.91	1764.91	1764.91
258.25	1750.57	1750.57	1750.57	1750.57	1750.57	1750.57
258.2	1740.39	1740.39	1740.39	1740.39	1740.39	1740.39
258.15	1728.35	1728.35	1728.35	1728.35	1728.35	1728.35
258.1	1736.53	1736.53	1736.53	1736.53	1736.53	1736.53
258.05	1729.47	1729.47	1729.47	1729.47	1729.47	1729.47
258	1713.87	1713.87	1713.87	1713.87	1713.87	1713.87
257.95	1761.34	1761.34	1761.34	1761.34	1761.34	1761.34
257.9	1738.15	1738.15	1738.15	1738.15	1738.15	1738.15
257.85	1736.7	1736.7	1736.7	1736.7	1736.7	1736.7
257.8	1747.11	1747.11	1747.11	1747.11	1747.11	1747.11
257.75	1785.94	1785.94	1785.94	1785.94	1785.94	1785.94
257.7	1791.58	1791.58	1791.58	1791.58	1791.58	1791.58
257.65	1811.62	1811.62	1811.62	1811.62	1811.62	1811.62
257.6	1812.58	1812.58	1812.58	1812.58	1812.58	1812.58
257.55	1771.97	1771.97	1771.97	1771.97	1771.97	1771.97
257.5	1736.52	1736.52	1736.52	1736.52	1736.52	1736.52
257.45	1786.59	1786.59	1786.59	1786.59	1786.59	1786.59
257.4	1782.91	1782.91	1782.91	1782.91	1782.91	1782.91
257.35	1790.38	1790.38	1790.38	1790.38	1790.38	1790.38
257.3	1828.04	1828.04	1828.04	1828.04	1828.04	1828.04
257.25	1771.07	1771.07	1771.07	1771.07	1771.07	1771.07
257.2	1792.9	1792.9	1792.9	1792.9	1792.9	1792.9
257.15	1808.95	1808.95	1808.95	1808.95	1808.95	1808.95
257.1	1779.88	1779.88	1779.88	1779.88	1779.88	1779.88
257.05	1831.08	1831.08	1831.08	1831.08	1831.08	1831.08
257	1835.15	1835.15	1835.15	1835.15	1835.15	1835.15
256.95	1820.35	1820.35	1820.35	1820.35	1820.35	1820.35
256.9	1833.16	1833.16	1833.16	1833.16	1833.16	1833.16
256.85	1838.13	1838.13	1838.13	1838.13	1838.13	1838.13
256.8	1845.33	1845.33	1845.33	1845.33	1845.33	1845.33
256.75	1822.23	1822.23	1822.23	1822.23	1822.23	1822.23
256.7	1862.13	1862.13	1862.13	1862.13	1862.13	1862.13
256.65	1852.73	1852.73	1852.73	1852.73	1852.73	1852.73
256.6	1861.98	1861.98	1861.98	1861.98	1861.98	1861.98
256.55	1867.96	1867.96	1867.96	1867.96	1867.96	1867.96
256.5	1845.22	1845.22	1845.22	1845.22	1845.22	1845.22
256.45	1846.55	1846.55	1846.55	1846.55	1846.55	1846.55
256.4	1856.04	1856.04	1856.04	1856.04	1856.04	1856.04
256.35	1857.78	1857.78	1857.78	1857.78	1857.78	1857.78
256.3	1865.76	1865.76	1865.76	1865.76	1865.76	1865.76
256.25	1857.47	1857.47	1857.47	1857.47	1857.47	1857.47
256.2	1856.74	1856.74	1856.74	1856.74	1856.74	1856.74
256.15	1903.12	1903.12	1903.12	1903.12	1903.12	1903.12
256.1	1886.44	1886.44	1886.44	1886.44	1886.44	1886.44
256.05	1884.03	1884.03	1884.03	1884.03	1884.03	1884.03
256	1921.31	1921.31	1921.31	1921.31	1921.31	1921.31
255.95	1854.27	1854.27	1854.27	1854.27	1854.27	1854.27
255.9	1971.75	1971.75	1971.75	1971.75	1971.75	1971.75
255.85	1917.61	1917.61	1917.61	1917.61	1917.61	1917.61
255.8	1869.67	1869.67	1869.67	1869.67	1869.67	1869.67
255.75	1922.53	1922.53	1922.53	1922.53	1922.53	1922.53
255.7	1954.59	1954.59	1954.59	1954.59	1954.59	1954.59
255.65	1961.06	1961.06	1961.06	1961.06	1961.06	1961.06
255.6	1930.43	1930.43	1930.43	1930.43	1930.43	1930.43
255.55	1911.3	1911.3	1911.3	1911.3	1911.3	1911.3
255.5	1940.74	1940.74	1940.74	1940.74	1940.74	1940.74
255.45	1961.25	1961.25	1961.25	1961.25	1961.25	1961.25
255.4	1954.97	1954.97	1954.97	1954.97	1954.97	1954.97
255.35	1964.1	1964.1	1964.1	1964.1	1964.1	1964.1
255.3	1941.87	1941.87	1941.87	1941.87	1941.87	1941.87
255.25	1945.23	1945.23	1945.23	1945.23	1945.23	1945.23
255.2	1943.03	1943.03	1943.03	1943.03	1943.03	1943.03
255.15	1920.91	1920.91	1920.91	1920.91	1920.91	1920.91
255.1	1936.71	1936.71	1936.71	1936.71	1936.71	1936.71
255.05	1960.68	1960.68	1960.68	1960.68	1960.68	1960.68
255	1942.96	1942.96	1942.96	1942.96	1942.96	1942.96
254.95	1915.25	1915.25	1915.25	1915.25	1915.25	1915.25
254.9	1951.41	1951.41	1951.41	1951.41	1951.41	1951.41
254.85	1939.77	1939.77	1939.77	1939.77	1939.77	1939.77
254.8	1977.62	1977.62	1977.62	1977.62	1977.62	1977.62
254.75	1970.97	1970.97	1970.97	1970.97	1970.97	1970.97
254.7	2004.29	2004.29	2004.29	2004.29	2004.29	2004.29
254.65	1969.44	1969.44	1969.44	1969.44	1969.44	1969.44
254.6	1928.81	1928.81	1928.81	1928.81	1928.81	1928.81
254.55	1950.56	1950.56	1950.56	1950.56	1950.56	1950.56
254.5	2003.67	2003.67	2003.67	2003.67	2003.67	2003.67
254.45	2013.44	2013.44	2013.44	2013.44	2013.44	2013.44
254.4	2008.07	2008.07	2008.07	2008.07	2008.07	2008.07
254.35	1985.86	1985.86	1985.86	1985.86	1985.86	1985.86
254.3	2009.98	2009.98	2009.98	2009.98	2009.98	2009.98
254.25	1982.94	1982.94	1982.94	1982.94	1982.94	1982.94
254.2	1991.03	1991.03	1991.03	1991.03	1991.03	1991.03
254.15	1961.16	1961.16	1961.16	1961.16	1961.16	1961.16
254.1	2009.74	2009.74	2009.74	2009.74	2009.74	2009.74
254.05	2015.78	2015.78	2015.78	2015.78	2015.78	2015.78
254	1989.34	1989.34	1989.34	1989.34	1989.34	1989.34
253.95	1982.17	1982.17	1982.17	1982.17	1982.17	1982.17
253.9	1984.34	1984.34	1984.34	1984.34	1984.34	1984.34
253.85	1975.37	1975.37	1975.37	1975.37	1975.37	1975.37
253.8	1991.28	1991.28	1991.28	1991.28	1991.28	1991.28
253.75	1984.73	1984.73	1984.73	1984.73	1984.73	1984.73
253.7	1992.03	1992.03	1992.03	1992.03	1992.03	1992.03
253.65	1975.51	1975.51	1975.51	1975.51	1975.51	1975.51
253.6	1945.02	1945.02	1945.02	1945.02	1945.02	1945.02
253.55	1986.87	1986.87	1986.87	1986.87	1986.87	1986.87
253.5	2021.62	2021.62	2021.62	2021.62	2021.62	2021.62
253.45	2031.79	2031.79	2031.79	2031.79	2031.79	2031.79
253.4	1984.79	1984.79	1984.79	1984.79	1984.79	1984.79
253.35	1987.58	1987.58	1987.58	1987.58	1987.58	1987.58
253.3	1994.5	1994.5	1994.5	1994.5	1994.5	1994.5
253.25	2011.31	2011.31	2011.31	2011.31	2011.31	2011.31
253.2	1988.23	1988.23	1988.23	1988.23	1988.23	1988.23
253.15	1997.33	1997.33	1997.33	1997.33	1997.33	1997.33
253.1	1984.6	1984.6	1984.6	1984.6	1984.6	1984.6
253.05	1966.78	1966.78	1966.78	1966.78	1966.78	1966.78
253	2020	2020	2020	2020	2020	2020
252.95	1978.9	1978.9	1978.9	1978.9	1978.9	1978.9
252.9	1969.03	1969.03	1969.03	1969.03	1969.03	1969.03
252.85	2005.93	2005.93	2005.93	2005.93	2005.93	2005.93
252.8	1950.27	1950.27	1950.27	1950.27	1950.27	1950.27
252.75	1958.45	1958.45	1958.45	1958.45	1958.45	1958.45
252.7	1991.84	1991.84	1991.84	1991.84	1991.84	1991.84
252.65	2000.68	2000.68	2000.68	2000.68	2000.68	2000.68
252.6	2014.8	2014.8	2014.8	2014.8	2014.8	2014.8
252.55	2014.3	2014.3	2014.3	2014.3	2014.3	2014.3
252.5	2001.47	2001.47	2001.47	2001.47	2001.47	2001.47
252.45	1982.77	1982.77	1982.77	1982.77	1982.77	1982.77
252.4	2012.02	2012.02	2012.02	2012.02	2012.02	2012.02
252.35	2017.18	2017.18	2017.18	2017.18	2017.18	2017.18
252.3	2001.34	2001.34	2001.34	2001.34	2001.34	2001.34
252.25	1988.13	1988.13	1988.13	1988.13	1988.13	1988.13
252.2	1988.9	1988.9	1988.9	1988.9	1988.9	1988.9
252.15	1968.91	1968.91	1968.91	1968.91	1968.91	1968.91
252.1	1989.72	1989.72	1989.72	1989.72	1989.72	1989.72
252.05	1993.65	1993.65	1993.65	1993.65	1993.65	1993.65
252	1963.26	1963.26	1963.26	1963.26	1963.26	1963.26
251.95	2012.91	2012.91	2012.91	2012.91	2012.91	2012.91
251.9	2019.18	2019.18	2019.18	2019.18	2019.18	2019.18
251.85	2015.81	2015.81	2015.81	2015.81	2015.81	2015.81
251.8	1954.84	1954.84	1954.84	1954.84	1954.84	1954.84
251.75	1968.93	1968.93	1968.93	1968.93	1968.93	1968.93
251.7	1957	1957	1957	1957	1957	1957
251.65	1947.71	1947.71	1947.71	1947.71	1947.71	1947.71
251.6	1948.75	1948.75	1948.75	1948.75	1948.75	1948.75
251.55	1959.42	1959.42	1959.42	1959.42	1959.42	1959.42
251.5	1917.56	1917.56	1917.56	1917.56	1917.56	1917.56
251.45	1910.65	1910.65	1910.65	1910.65	1910.65	1910.65
251.4	1915.58	1915.58	1915.58	1915.58	1915.58	1915.58
251.35	1938.09	1938.09	1938.09	1938.09	1938.09	1938.09
251.3	1899.36	1899.36	1899.36	1899.36	1899.36	1899.36
251.25	1921.85	1921.85	1921.85	1921.85	1921.85	1921.85
251.2	1908.71	1908.71	1908.71	1908.71	1908.71	1908.71
251.15	1932.51	1932.51	1932.51	1932.51	1932.51	1932.51
251.1	1898.73	1898.73	1898.73	1898.73	1898.73	1898.73
251.05	1851.65	1851.65	1851.65	1851.65	1851.65	1851.65
251	1882.64	1882.64	1882.64	1882.64	1882.64	1882.64
250.95	1898.52	1898.52	1898.52	1898.52	1898.52	1898.52
250.9	1868.71	1868.71	1868.71	1868.71	1868.71	1868.71
250.85	1869.38	1869.38	1869.38	1869.38	1869.38	1869.38
250.8	1919.33	1919.33	1919.33	1919.33	1919.33	1919.33
250.75	1873.06	1873.06	1873.06	1873.06	1873.06	1873.06
250.7	1930.3	1930.3	1930.3	1930.3	1930.3	1930.3
250.65	1885.25	1885.25	1885.25	1885.25	1885.25	1885.25
250.6	1890.7	1890.7	1890.7	1890.7	1890.7	1890.7
250.55	1862.77	1862.77	1862.77	1862.77	1862.77	1862.77
250.5	1875.87	1875.87	1875.87	1875.87	1875.87	1875.87
250.45	1910.82	1910.82	1910.82	1910.82	1910.82	1910.82
250.4	1837.82	1837.82	1837.82	1837.82	1837.82	1837.82
250.35	1870.1	1870.1	1870.1	1870.1	1870.1	1870.1
250.3	1836.23	1836.23	1836.23	1836.23	1836.23	1836.23
250.25	1880.96	1880.96	1880.96	1880.96	1880.96	1880.96
250.2	1818.19	1818.19	1818.19	1818.19	1818.19	1818.19
250.15	1848.77	1848.77	1848.77	1848.77	1848.77	1848.77
250.1	1835.98	1835.98	1835.98	1835.98	1835.98	1835.98
250.05	1830.83	1830.83	1830.83	1830.83	1830.83	1830.83
250	1806.12	1806.12	1806.12	1806.12	1806.12	1806.12
249.95	1781.24	1781.24	1781.24	1781.24	1781.24	1781.24
249.9	1776.13	1776.13	1776.13	1776.13	1776.13	1776.13
249.85	1802.32	1802.32	1802.32	1802.32	1802.32	1802.32
249.8	1801.51	1801.51	1801.51	1801.51	1801.51	1801.51
249.75	1820.4	1820.4	1820.4	1820.4	1820.4	1820.4
249.7	1747.6	1747.6	1747.6	1747.6	1747.6	1747.6
249.65	1798.56	1798.56	1798.56	1798.56	1798.56	1798.56
249.6	1769.17	1769.17	1769.17	1769.17	1769.17	1769.17
249.55	1784.45	1784.45	1784.45	1784.45	1784.45	1784.45
249.5	1771.08	1771.08	1771.08	1771.08	1771.08	1771.08
249.45	1770.65	1770.65	1770.65	1770.65	1770.65	1770.65
249.4	1796.93	1796.93	1796.93	1796.93	1796.93	1796.93
249.35	1785.67	1785.67	1785.67	1785.67	1785.67	1785.67
249.3	1752.28	1752.28	1752.28	1752.28	1752.28	1752.28
249.25	1740.08	1740.08	1740.08	1740.08	1740.08	1740.08
249.2	1707.72	1707.72	1707.72	1707.72	1707.72	1707.72
249.15	1733.81	1733.81	1733.81	1733.81	1733.81	1733.81
249.1	1750.62	1750.62	1750.62	1750.62	1750.62	1750.62
249.05	1756.06	1756.06	1756.06	1756.06	1756.06	1756.06
249	1752.78	1752.78	1752.78	1752.78	1752.78	1752.78
248.95	1778.3	1778.3	1778.3	1778.3	1778.3	1778.3
248.9	1734.91	1734.91	1734.91	1734.91	1734.91	1734.91
248.85	1717.7	1717.7	1717.7	1717.7	1717.7	1717.7
248.8	1719.47	1719.47	1719.47	1719.47	1719.47	1719.47
248.75	1708.82	1708.82	1708.82	1708.82	1708.82	1708.82
248.7	1670.92	1670.92	1670.92	1670.92	1670.92	1670.92
248.65	1678.89	1678.89	1678.89	1678.89	1678.89	1678.89
248.6	1693.92	1693.92	1693.92	1693.92	1693.92	1693.92
248.55	1714.15	1714.15	1714.15	1714.15	1714.15	1714.15
248.5	1638.89	1638.89	1638.89	1638.89	1638.89	1638.89
248.45	1652.32	1652.32	1652.32	1652.32	1652.32	1652.32
248.4	1722.08	1722.08	1722.08	1722.08	1722.08	1722.08
248.35	1712.45	1712.45	1712.45	1712.45	1712.45	1712.45
248.3	1661.42	1661.42	1661.42	1661.42	1661.42	1661.42
248.25	1646.11	1646.11	1646.11	1646.11	1646.11	1646.11
248.2	1683.8	1683.8	1683.8	1683.8	1683.8	1683.8
248.15	1678.9	1678.9	1678.9	1678.9	1678.9	1678.9
248.1	1661.03	1661.03	1661.03	1661.03	1661.03	1661.03
248.05	1609.17	1609.17	1609.17	1609.17	1609.17	1609.17
248	1632.2	1632.2	1632.2	1632.2	1632.2	1632.2
247.95	1638.32	1638.32	1638.32	1638.32	1638.32	1638.32
247.9	1666.17	1666.17	1666.17	1666.17	1666.17	1666.17
247.85	1657.07	1657.07	1657.07	1657.07	1657.07	1657.07
247.8	1618.49	1618.49	1618.49	1618.49	1618.49	1618.49
247.75	1630.89	1630.89	1630.89	1630.89	1630.89	1630.89
247.7	1598.28	1598.28	1598.28	1598.28	1598.28	1598.28
247.65	1592.12	1592.12	1592.12	1592.12	1592.12	1592.12
247.6	1621.47	1621.47	1621.47	1621.47	1621.47	1621.47
247.55	1601.81	1601.81	1601.81	1601.81	1601.81	1601.81
247.5	1599.59	1599.59	1599.59	1599.59	1599.59	1599.59
247.45	1583.84	1583.84	1583.84	1583.84	1583.84	1583.84
247.4	1572.57	1572.57	1572.57	1572.57	1572.57	1572.57
247.35	1555.57	1555.57	1555.57	1555.57	1555.57	1555.57
247.3	1544.98	1544.98	1544.98	1544.98	1544.98	1544.98
247.25	1603.54	1603.54	1603.54	1603.54	1603.54	1603.54
247.2	1587.41	1587.41	1587.41	1587.41	1587.41	1587.41
247.15	1594.37	1594.37	1594.37	1594.37	1594.37	1594.37
247.1	1580.62	1580.62	1580.62	1580.62	1580.62	1580.62
247.05	1562.09	1562.09	1562.09	1562.09	1562.09	1562.09
247	1563.32	1563.32	1563.32	1563.32	1563.32	1563.32
246.95	1568.45	1568.45	1568.45	1568.45	1568.45	1568.45
246.9	1571.65	1571.65	1571.65	1571.65	1571.65	1571.65
246.85	1551.54	1551.54	1551.54	1551.54	1551.54	1551.54
246.8	1552.98	1552.98	1552.98	1552.98	1552.98	1552.98
246.75	1572.51	1572.51	1572.51	1572.51	1572.51	1572.51
246.7	1564.45	1564.45	1564.45	1564.45	1564.45	1564.45
246.65	1504.94	1504.94	1504.94	1504.94	1504.94	1504.94
246.6	1513.17	1513.17	1513.17	1513.17	1513.17	1513.17
246.55	1513.75	1513.75	1513.75	1513.75	1513.75	1513.75
246.5	1508.65	1508.65	1508.65	1508.65	1508.65	1508.65
246.45	1528.86	1528.86	1528.86	1528.86	1528.86	1528.86
246.4	1533.6	1533.6	1533.6	1533.6	1533.6	1533.6
246.35	1514.07	1514.07	1514.07	1514.07	1514.07	1514.07
246.3	1516.97	1516.97	1516.97	1516.97	1516.97	1516.97
246.25	1500.93	1500.93	1500.93	1500.93	1500.93	1500.93
246.2	1513.42	1513.42	1513.42	1513.42	1513.42	1513.42
246.15	1482.35	1482.35	1482.35	1482.35	1482.35	1482.35
246.1	1455.21	1455.21	1455.21	1455.21	1455.21	1455.21
246.05	1476.73	1476.73	1476.73	1476.73	1476.73	1476.73
246	1492.02	1492.02	1492.02	1492.02	1492.02	1492.02
245.95	1488.8	1488.8	1488.8	1488.8	1488.8	1488.8
245.9	1516.41	1516.41	1516.41	1516.41	1516.41	1516.41
245.85	1499.08	1499.08	1499.08	1499.08	1499.08	1499.08
245.8	1508.41	1508.41	1508.41	1508.41	1508.41	1508.41
245.75	1483.79	1483.79	1483.79	1483.79	1483.79	1483.79
245.7	1481.56	1481.56	1481.56	1481.56	1481.56	1481.56
245.65	1472.85	1472.85	1472.85	1472.85	1472.85	1472.85
245.6	1448.24	1448.24	1448.24	1448.24	1448.24	1448.24
245.55	1474.85	1448.17	1448.17	1448.17	1448.17	1448.17
245.5	1488.39	1448.08	1448.08	1448.08	1448.08	1448.08
245.45	1484.42	1448	1448	1448	1448	1448
245.4	1494.27	1447.89	1447.89	1447.89	1447.89	1447.89
245.35	1454.17	1447.88	1447.88	1447.88	1447.88	1447.88
245.3	1473.42	1447.82	1447.82	1447.82	1447.82	1447.82
245.25	1450.49	1447.81	1447.81	1447.81	1447.81	1447.81
245.2	1444.48	1447.81	1447.81	1447.81	1447.81	1447.81
245.15	1434.63	1447.78	1447.78	1447.78	1447.78	1447.78
245.1	1421.12	1447.72	1447.72	1447.72	1447.72	1447.72
245.05	1420.79	1447.65	1447.65	1447.65	1447.65	1447.65
245	1419.4	1447.59	1447.59	1447.59	1447.59	1447.59
244.95	1457.32	1447.57	1447.57	1447.57	1447.57	1447.57
244.9	1464.25	1447.53	1447.53	1447.53	1447.53	1447.53
244.85	1423.35	1447.47	1447.47	1447.47	1447.47	1447.47
244.8	1453.43	1447.46	1447.46	1447.46	1447.46	1447.46
244.75	1436.46	1447.43	1447.43	1447.43	1447.43	1447.43
244.7	1451.42	1447.43	1447.43	1447.43	1447.43	1447.43
244.65	1392.17	1447.3	1447.3	1447.3	1447.3	1447.3
244.6	1401.74	1447.2	1447.2	1447.2	1447.2	1447.2
244.55	1413.71	1447.12	1447.12	1447.12	1447.12	1447.12
244.5	1412.18	1447.04	1447.04	1447.04	1447.04	1447.04
244.45	1438.57	1447.02	1447.02	1447.02	1447.02	1447.02
244.4	1432.87	1446.99	1446.99	1446.99	1446.99	1446.99
244.35	1387.51	1446.85	1446.85	1446.85	1446.85	1446.85
244.3	1371.79	1446.68	1446.68	1446.68	1446.68	1446.68
244.25	1386.73	1446.54	1446.54	1446.54	1446.54	1446.54
244.2	1405.57	1446.45	1446.45	1446.45	1446.45	1446.45
244.15	1382.59	1446.3	1446.3	1446.3	1446.3	1446.3
244.1	1410.44	1446.22	1446.22	1446.22	1446.22	1446.22
244.05	1395.89	1446.11	1446.11	1446.11	1446.11	1446.11
244	1381.75	1445.96	1445.96	1445.96	1445.96	1445.96
243.95	1372.33	1445.79	1445.79	1445.79	1445.79	1445.79
243.9	1335.74	1445.54	1445.54	1445.54	1445.54	1445.54
243.85	1359.13	1445.34	1445.34	1445.34	1445.34	1445.34
243.8	1360	1445.15	1445.15	1445.15	1445.15	1445.15
243.75	1427.57	1445.11	1445.11	1445.11	1445.11	1445.11
243.7	1406.22	1445.02	1445.02	1445.02	1445.02	1445.02
243.65	1391.5	1444.9	1444.9	1444.9	1444.9	1444.9
243.6	1399.56	1444.79	1444.79	1444.79	1444.79	1444.79
243.55	1375.34	1444.64	1444.64	1444.64	1444.64	1444.64
243.5	1357.34	1444.44	1444.44	1444.44	1444.44	1444.44
243.45	1384.31	1444.3	1444.3	1444.3	1444.3	1444.3
243.4	1374.38	1444.14	1444.14	1444.14	1444.14	1444.14
243.35	1391.08	1444.02	1444.02	1444.02	1444.02	1444.02
243.3	1343.65	1443.79	1443.79	1443.79	1443.79	1443.79
243.25	1404.14	1443.7	1443.7	1443.7	1443.7	1443.7
243.2	1378.94	1443.55	1443.55	1443.55	1443.55	1443.55
243.15	1384.04	1443.42	1443.42	1443.42	1443.42	1443.42
243.1	1402.09	1443.32	1443.32	1443.32	1443.32	1443.32
243.05	1380.16	1443.18	1443.18	1443.18	1443.18	1443.18
243	1373.23	1443.02	1443.02	1443.02	1443.02	1443.02
242.95	1360.75	1442.83	1442.83	1442.83	1442.83	1442.83
242.9	1365.35	1442.65	1442.65	1442.65	1442.65	1442.65
242.85	1358.67	1442.46	1442.46	1442.46	1442.46	1442.46
242.8	1352.41	1442.26	1442.26	1442.26	1442.26	1442.26
242.75	1364.74	1442.08	1442.08	1442.08	1442.08	1442.08
242.7	1394.7	1441.97	1441.97	1441.97	1441.97	1441.97
242.65	1390.33	1441.85	1441.85	1441.85	1441.85	1441.85
242.6	1380.57	1441.71	1441.71	1441.71	1441.71	1441.71
242.55	1384.79	1441.58	1441.58	1441.58	1441.58	1441.58
242.5	1395.37	1441.48	1441.48	1441.48	1441.48	1441.48
242.45	1363.69	1441.3	1441.3	1441.3	1441.3	1441.3
242.4	1374.25	1441.15	1441.15	1441.15	1441.15	1441.15
242.35	1370.01	1440.98	1440.98	1440.98	1440.98	1440.98
242.3	1387.03	1440.86	1440.86	1440.86	1440.86	1440.86
242.25	1375.16	1440.71	1440.71	1440.71	1440.71	1440.71
242.2	1399.26	1440.62	1440.62	1440.62	1440.62	1440.62
242.15	1371.6	1440.46	1440.46	1440.46	1440.46	1440.46
242.1	1366.57	1440.29	1440.29	1440.29	1440.29	1440.29
242.05	1366.5	1440.12	1440.12	1440.12	1440.12	1440.12
242	1348.17	1439.91	1439.91	1439.91	1439.91	1439.91
241.95	1333.62	1439.67	1439.67	1439.67	1439.67	1439.67
241.9	1353.45	1439.47	1439.47	1439.47	1439.47	1439.47
241.85	1357.28	1439.28	1439.28	1439.28	1439.28	1439.28
241.8	1389.78	1439.17	1439.17	1439.17	1439.17	1439.17
241.75	1345.69	1438.96	1438.96	1438.96	1438.96	1438.96
241.7	1330.93	1438.71	1438.71	1438.71	1438.71	1438.71
241.65	1389.09	1438.6	1438.6	1438.6	1438.6	1438.6
241.6	1387.81	1438.48	1438.48	1438.48	1438.48	1438.48
241.55	1370.14	1438.33	1438.33	1438.33	1438.33	1438.33
241.5	1336.27	1438.09	1438.09	1438.09	1438.09	1438.09
241.45	1350.12	1437.89	1437.89	1437.89	1437.89	1437.89
241.4	1356.15	1437.71	1437.71	1437.71	1437.71	1437.71
241.35	1328.41	1437.46	1437.46	1437.46	1437.46	1437.46
241.3	1320.3	1437.19	1437.19	1437.19	1437.19	1437.19
241.25	1345.22	1436.98	1436.98	1436.98	1436.98	1436.98
241.2	1345.13	1436.77	1436.77	1436.77	1436.77	1436.77
241.15	1372.91	1436.62	1436.62	1436.62	1436.62	1436.62
241.1	1357.25	1436.44	1436.44	1436.44	1436.44	1436.44
241.05	1360.41	1436.27	1436.27	1436.27	1436.27	1436.27
241	1338.6	1436.05	1436.05	1436.05	1436.05	1436.05
240.95	1339.55	1435.83	1435.83	1435.83	1435.83	1435.83
240.9	1355.28	1435.64	1435.64	1435.64	1435.64	1435.64
240.85	1325.66	1435.39	1435.39	1435.39	1435.39	1435.39
240.8	1342.08	1435.18	1435.18	1435.18	1435.18	1435.18
240.75	1314.45	1434.9	1434.9	1434.9	1434.9	1434.9
240.7	1321.71	1434.64	1434.64	1434.64	1434.64	1434.64
240.65	1340.03	1434.43	1434.43	1434.43	1434.43	1434.43
240.6	1340.2	1434.21	1434.21	1434.21	1434.21	1434.21
240.55	1310.48	1433.93	1433.93	1433.93	1433.93	1433.93
240.5	1298.43	1433.62	1433.62	1433.62	1433.62	1433.62
240.45	1306.37	1433.33	1433.33	1433.33	1433.33	1433.33
240.4	1359.8	1433.16	1433.16	1433.16	1433.16	1433.16
240.35	1330.99	1432.93	1432.93	1432.93	1432.93	1432.93
240.3	1320.48	1432.67	1432.67	1432.67	1432.67	1432.67
240.25	1325.11	1432.43	1432.43	1432.43	1432.43	1432.43
240.2	1307.06	1432.14	1432.14	1432.14	1432.14	1432.14
240.15	1265.71	1431.76	1431.76	1431.76	1431.76	1431.76
240.1	1277.28	1431.41	1431.41	1431.41	1431.41	1431.41
240.05	1304.78	1431.12	1431.12	1431.12	1431.12	1431.12
240	1298.65	1430.82	1430.82	1430.82	1430.82	1430.82
239.95	1316.93	1430.56	1430.56	1430.56	1430.56	1430.56
239.9	1333.66	1430.34	1430.34	1430.34	1430.34	1430.34
239.85	1327.24	1430.1	1430.1	1430.1	1430.1	1430.1
239.8	1347.67	1429.91	1429.91	1429.91	1429.91	1429.91
239.75	1344.6	1429.72	1429.72	1429.72	1429.72	1429.72
239.7	1333.05	1429.5	1429.5	1429.5	1429.5	1429.5
239.65	1341.29	1429.29	1429.29	1429.29	1429.29	1429.29
239.6	1347.79	1429.11	1429.11	1429.11	1429.11	1429.11
239.55	1339.55	1428.9	1428.9	1428.9	1428.9	1428.9
239.5	1368.95	1428.77	1428.77	1428.77	1428.77	1428.77
239.45	1363.85	1428.62	1428.62	1428.62	1428.62	1428.62
239.4	1347.95	1428.43	1428.43	1428.43	1428.43	1428.43
239.35	1371.96	1428.31	1428.31	1428.31	1428.31	1428.31
239.3	1374.81	1428.18	1428.18	1428.18	1428.18	1428.18
239.25	1360.72	1428.03	1428.03	1428.03	1428.03	1428.03
239.2	1357.09	1427.87	1427.87	1427.87	1427.87	1427.87
239.15	1347.77	1427.68	1427.68	1427.68	1427.68	1427.68
239.1	1357.67	1427.53	1427.53	1427.53	1427.53	1427.53
239.05	1365.28	1427.38	1427.38	1427.38	1427.38	1427.38
239	1354.49	1427.22	1427.22	1427.22	1427.22	1427.22
238.95	1369.91	1427.09	1427.09	1427.09	1427.09	1427.09
238.9	1335	1426.88	1426.88	1426.88	1426.88	1426.88
238.85	1357.68	1426.72	1426.72	1426.72	1426.72	1426.72
238.8	1368.41	1426.58	1426.58	1426.58	1426.58	1426.58
238.75	1369.65	1426.45	1426.45	1426.45	1426.45	1426.45
238.7	1363.84	1426.31	1426.31	1426.31	1426.31	1426.31
238.65	1359.35	1426.16	1426.16	1426.16	1426.16	1426.16
238.6	1354.22	1425.99	1425.99	1425.99	1425.99	1425.99
238.55	1378.72	1425.89	1425.89	1425.89	1425.89	1425.89
238.5	1343.72	1425.7	1425.7	1425.7	1425.7	1425.7
238.45	1352.21	1425.53	1425.53	1425.53	1425.53	1425.53
238.4	1353.3	1425.37	1425.37	1425.37	1425.37	1425.37
238.35	1337.19	1425.16	1425.16	1425.16	1425.16	1425.16
238.3	1368.48	1425.04	1425.04	1425.04	1425.04	1425.04
238.25	1341.79	1424.85	1424.85	1424.85	1424.85	1424.85
238.2	1350.55	1424.68	1424.68	1424.68	1424.68	1424.68
238.15	1347.47	1424.5	1424.5	1424.5	1424.5	1424.5
238.1	1312.44	1424.24	1424.24	1424.24	1424.24	1424.24
238.05	1334.63	1424.04	1424.04	1424.04	1424.04	1424.04
238	1360.16	1423.89	1423.89	1423.89	1423.89	1423.89
237.95	1374.29	1423.78	1423.78	1423.78	1423.78	1423.78
237.9	1341.04	1423.59	1423.59	1423.59	1423.59	1423.59
237.85	1300.23	1423.31	1423.31	1423.31	1423.31	1423.31
237.8	1308.86	1423.05	1423.05	1423.05	1423.05	1423.05
237.75	1332.68	1422.84	1422.84	1422.84	1422.84	1422.84
237.7	1330.21	1422.63	1422.63	1422.63	1422.63	1422.63
237.65	1347.19	1422.46	1422.46	1422.46	1422.46	1422.46
237.6	1329.17	1422.25	1422.25	1422.25	1422.25	1422.25
237.55	1344.67	1422.07	1422.07	1422.07	1422.07	1422.07
237.5	1358.51	1421.92	1421.92	1421.92	1421.92	1421.92
237.45	1331.45	1421.72	1421.72	1421.72	1421.72	1421.72
237.4	1330.6	1421.51	1421.51	1421.51	1421.51	1421.51
237.35	1323.18	1421.28	1421.28	1421.28	1421.28	1421.28
237.3	1337.17	1421.09	1421.09	1421.09	1421.09	1421.09
237.25	1362.63	1420.96	1420.96	1420.96	1420.96	1420.96
237.2	1341.71	1420.78	1420.78	1420.78	1420.78	1420.78
237.15	1323.14	1420.55	1420.55	1420.55	1420.55	1420.55
237.1	1349.21	1420.39	1420.39	1420.39	1420.39	1420.39
237.05	1333.56	1420.19	1420.19	1420.19	1420.19	1420.19
237	1322.18	1419.97	1419.97	1419.97	1419.97	1419.97
236.95	1324.06	1419.75	1419.75	1419.75	1419.75	1419.75
236.9	1344.85	1419.58	1419.58	1419.58	1419.58	1419.58
236.85	1344.24	1419.41	1419.41	1419.41	1419.41	1419.41
236.8	1365.34	1419.28	1419.28	1419.28	1419.28	1419.28
236.75	1370	1419.17	1419.17	1419.17	1419.17	1419.17
236.7	1361.15	1419.04	1419.04	1419.04	1419.04	1419.04
236.65	1369.51	1418.93	1418.93	1418.93	1418.93	1418.93
236.6	1389.62	1418.86	1418.86	1418.86	1418.86	1418.86
236.55	1407.71	1418.83	1418.83	1418.83	1418.83	1418.83
236.5	1397.54	1418.79	1418.79	1418.79	1418.79	1418.79
236.45	1396.17	1418.73	1418.73	1418.73	1418.73	1418.73
236.4	1392.3	1418.67	1418.67	1418.67	1418.67	1418.67
236.35	1430.84	1418.65	1418.65	1418.65	1418.65	1418.65
236.3	1418.12	1418.64	1418.64	1418.64	1418.64	1418.64
236.25	1420.45	1418.64	1418.64	1418.64	1418.64	1418.64
236.2	1448.67	1418.57	1418.57	1418.57	1418.57	1418.57
236.15	1440.77	1418.52	1418.52	1418.52	1418.52	1418.52
236.1	1434.02	1418.49	1418.49	1418.49	1418.49	1418.49
236.05	1440.13	1418.44	1418.44	1418.44	1418.44	1418.44
236	1452.28	1418.36	1418.36	1418.36	1418.36	1418.36
235.95	1514.33	1418.14	1418.14	1418.14	1418.14	1418.14
235.9	1493.73	1417.96	1417.96	1417.96	1417.96	1417.96
235.85	1489.7	1417.8	1417.8	1417.8	1417.8	1417.8
235.8	1477.49	1417.66	1417.66	1417.66	1417.66	1417.66
235.75	1467.08	1417.55	1417.55	1417.55	1417.55	1417.55
235.7	1510.56	1417.34	1417.34	1417.34	1417.34	1417.34
235.65	1517.86	1417.11	1417.11	1417.11	1417.11	1417.11
235.6	1517.95	1416.87	1416.87	1416.87	1416.87	1416.87
235.55	1512.98	1416.65	1416.65	1416.65	1416.65	1416.65
235.5	1499.02	1416.47	1416.47	1416.47	1416.47	1416.47
235.45	1484.51	1416.31	1416.31	1416.31	1416.31	1416.31
235.4	1504.27	1416.11	1416.11	1416.11	1416.11	1416.11
235.35	1509.93	1415.89	1415.89	1415.89	1415.89	1415.89
235.3	1505.62	1415.69	1415.69	1415.69	1415.69	1415.69
235.25	1457.35	1415.59	1415.59	1415.59	1415.59	1415.59
235.2	1436.67	1415.54	1415.54	1415.54	1415.54	1415.54
235.15	1474.13	1415.41	1415.41	1415.41	1415.41	1415.41
235.1	1434.17	1415.37	1415.37	1415.37	1415.37	1415.37
235.05	1452.85	1415.28	1415.28	1415.28	1415.28	1415.28
235	1387.62	1415.22	1415.22	1415.22	1415.22	1415.22
234.95	1420.93	1415.2	1415.2	1415.2	1415.2	1415.2
234.9	1393.86	1415.15	1415.15	1415.15	1415.15	1415.15
234.85	1370.76	1415.05	1415.05	1415.05	1415.05	1415.05
234.8	1338.3	1414.88	1414.88	1414.88	1414.88	1414.88
234.75	1339.37	1414.71	1414.71	1414.71	1414.71	1414.71
234.7	1373.49	1414.61	1414.61	1414.61	1414.61	1414.61
234.65	1349.1	1414.46	1414.46	1414.46	1414.46	1414.46
234.6	1356.39	1414.33	1414.33	1414.33	1414.33	1414.33
234.55	1352.43	1414.19	1414.19	1414.19	1414.19	1414.19
234.5	1349.61	1414.04	1414.04	1414.04	1414.04	1414.04
234.45	1346.78	1413.89	1413.89	1413.89	1413.89	1413.89
234.4	1360.81	1413.77	1413.77	1413.77	1413.77	1413.77
234.35	1369.45	1413.66	1413.67	1413.66	1413.66	1413.67
234.3	1348	1413.51	1413.52	1413.51	1413.51	1413.52
234.25	1358.34	1413.39	1413.4	1413.39	1413.39	1413.4
234.2	1366.74	1413.28	1413.3	1413.28	1413.28	1413.3
234.15	1381.58	1413.21	1413.24	1413.21	1413.21	1413.24
234.1	1370.71	1413.11	1413.16	1413.11	1413.11	1413.16
234.05	1371.57	1413.02	1413.11	1413.02	1413.02	1413.11
234	1368.92	1412.92	1413.08	1412.92	1412.92	1413.08
233.95	1401.03	1412.89	1413.17	1412.89	1412.89	1413.17
233.9	1358.96	1412.77	1413.26	1412.77	1412.77	1413.26
233.85	1400.36	1412.74	1413.59	1412.74	1412.74	1413.59
233.8	1421.71	1412.72	1414.15	1412.72	1412.72	1414.15
233.75	1430.04	1412.68	1415.07	1412.68	1412.68	1415.07
233.7	1487.03	1412.51	1416.44	1412.51	1412.51	1416.44
233.65	1460.81	1412.4	1418.75	1412.4	1412.4	1418.75
233.6	1499.68	1412.2	1422.37	1412.2	1412.2	1422.37
233.55	1515.25	1411.96	1427.93	1411.96	1411.96	1427.93
233.5	1551.95	1411.64	1436.45	1411.64	1411.64	1436.45
233.45	1600.72	1411.21	1449.08	1411.21	1411.21	1449.08
233.4	1660.57	1410.63	1467.66	1410.63	1410.63	1467.66
233.35	1724.74	1409.91	1494.55	1409.91	1409.91	1494.55
233.3	1771.41	1409.08	1532.63	1409.08	1409.08	1532.63
233.25	1831.72	1408.12	1586.26	1408.12	1408.12	1586.26
233.2	1941.4	1406.89	1659.11	1406.89	1406.89	1659.11
233.15	2056.86	1405.4	1758.41	1405.4	1405.4	1758.41
233.1	2157.12	1403.68	1888.94	1403.68	1403.68	1888.94
233.05	2370.05	1401.46	2059.14	1401.46	1401.46	2059.14
233	2624.56	1398.66	2275.3	1398.66	1398.66	2275.3
232.95	2846.53	1395.34	2544.88	1395.34	1395.34	2544.88
232.9	3134.19	1391.35	2874.3	1391.35	1391.35	2874.3
232.85	3479.12	1386.56	3265.24	1386.56	1386.56	3265.24
232.8	3841.62	1380.93	3720.58	1380.93	1380.93	3720.58
232.75	4322.44	1374.18	4231.55	1374.18	1374.18	4231.55
232.7	4792.94	1366.34	4789.83	1366.34	1366.34	4789.83
232.65	5331.69	1357.25	5374.47	1357.25	1357.25	5374.47
232.6	5802.61	1347.05	5960.7	1347.05	1347.05	5960.7
232.55	6455.37	1335.34	6515.57	1335.34	1335.34	6515.57
232.5	6876.84	1322.63	7004.76	1322.63	1322.63	7004.76
232.45	7162.99	1309.24	7390.03	1309.24	1309.24	7390.03
232.4	7439.95	1295.18	7645.49	1295.18	1295.18	7645.49
232.35	7535.18	1280.87	7740.27	1280.87	1280.87	7740.27
232.3	7525.42	1266.54	7675.02	1266.55	1266.54	7675.02
232.25	7321.2	1252.66	7446.42	1252.66	1252.66	7446.42
232.2	6858.87	1239.8	7078.95	1239.8	1239.8	7078.95
232.15	6484.71	1227.77	6598.11	1227.77	1227.77	6598.11
232.1	5861.81	1217.15	6039.95	1217.15	1217.15	6039.95
232.05	5190.49	1208.03	5441.3	1208.03	1208.03	5441.3
232	4646.59	1200.15	4835.35	1200.15	1200.15	4835.35
231.95	4028.75	1193.66	4249.98	1193.66	1193.66	4249.98
231.9	3571.64	1188.21	3708.18	1188.21	1188.21	3708.18
231.85	3110.53	1183.8	3221.24	1183.8	1183.8	3221.24
231.8	2667.46	1180.4	2798.58	1180.4	1180.4	2798.58
231.75	2427.81	1177.54	2440.01	1177.54	1177.54	2440.01
231.7	2130.65	1175.35	2143.54	1175.35	1175.35	2143.54
231.65	1948.87	1173.58	1904.41	1173.58	1173.58	1904.41
231.6	1844.14	1172.04	1714.1	1172.04	1172.04	1714.1
231.55	1696.19	1170.84	1567.52	1170.84	1170.84	1567.52
231.5	1611.83	1169.82	1454.93	1169.83	1169.82	1454.93
231.45	1547.06	1168.96	1371.32	1168.96	1168.96	1371.32
231.4	1431.43	1168.36	1309.55	1168.36	1168.36	1309.55
231.35	1362.85	1167.91	1265.07	1167.91	1167.91	1265.07
231.3	1343.52	1167.51	1233.37	1167.51	1167.51	1233.37
231.25	1295.95	1167.21	1211.15	1167.22	1167.21	1211.15
231.2	1282.16	1166.95	1195.91	1166.96	1166.95	1195.91
231.15	1236.47	1166.79	1185.51	1166.8	1166.79	1185.51
231.1	1185.47	1166.75	1178.75	1166.76	1166.75	1178.76
231.05	1186.07	1166.7	1174.24	1166.71	1166.7	1174.25
231	1144.49	1166.65	1171.34	1166.67	1166.65	1171.35
230.95	1110.46	1166.53	1169.39	1166.54	1166.52	1169.41
230.9	1110.82	1166.4	1168.12	1166.42	1166.4	1168.15
230.85	1113.42	1166.28	1167.3	1166.3	1166.28	1167.33
230.8	1084.29	1166.1	1166.69	1166.12	1166.09	1166.73
230.75	1044.48	1165.84	1166.16	1165.85	1165.81	1166.22
230.7	1044.01	1165.59	1165.73	1165.58	1165.53	1165.83
230.65	1064.55	1165.42	1165.41	1165.36	1165.3	1165.58
230.6	1062.52	1165.3	1165.13	1165.14	1165.07	1165.43
230.55	1034.11	1165.22	1164.8	1164.86	1164.77	1165.35
230.5	1026.55	1165.34	1164.47	1164.57	1164.45	1165.47
230.45	1051.53	1165.9	1164.21	1164.34	1164.2	1166.05
230.4	1047.94	1167.11	1163.94	1164.1	1163.93	1167.29
230.35	1059.41	1169.53	1163.69	1163.9	1163.69	1169.74
230.3	1053.24	1173.9	1163.44	1163.7	1163.44	1174.16
230.25	1059.57	1181.57	1163.2	1163.52	1163.2	1181.89
230.2	1121.53	1194.69	1163.11	1163.49	1163.11	1195.07
230.15	1143.84	1216.2	1163.06	1163.53	1163.06	1216.67
230.1	1199.88	1250.52	1162.98	1163.55	1162.98	1251.09
230.05	1263.67	1303.94	1162.75	1163.44	1162.75	1304.63
230	1381.89	1385.16	1162.25	1163.08	1162.25	1385.99
229.95	1514.81	1505.92	1161.44	1162.44	1161.44	1506.92
229.9	1690.16	1681.52	1160.23	1161.43	1160.22	1682.73
229.85	1970.09	1930.3	1158.37	1159.82	1158.37	1931.75
229.8	2346.06	2273.27	1155.64	1157.38	1155.64	2275.01
229.75	2843.53	2733.11	1151.77	1153.86	1151.77	2735.19
229.7	3452.01	3331.7	1146.5	1148.98	1146.5	3334.18
229.65	4166.25	4086.35	1139.57	1142.53	1139.57	4089.31
229.6	5049.26	5004.6	1130.61	1134.13	1130.61	5008.12
229.55	6104.64	6078.31	1119.2	1123.38	1119.2	6082.49
229.5	7292.29	7277.69	1105.04	1109.99	1105.04	7282.64
229.45	8493.56	8547.02	1088.1	1093.95	1088.1	8552.87
229.4	9731.82	9803.77	1068.27	1075.17	1068.27	9810.67
229.35	10801.2	10944.5	1045.95	1054.07	1045.95	10952.6
229.3	11762.7	11856.9	1021.37	1030.91	1021.37	11866.4
229.25	12363.5	12439	995.363	1006.54	995.363	12450.1
229.2	12636.6	12616.3	968.666	981.729	968.666	12629.4
229.15	12692.9	12366.2	941.778	957.019	941.778	12381.5
229.1	12090.8	11718.5	916.209	933.952	916.209	11736.2
229.05	11185.5	10747.5	892.658	913.27	892.658	10768.1
229	9912.94	9557.54	871.971	895.864	871.971	9581.43
228.95	8602.48	8261.24	854.242	881.878	854.242	8288.88
228.9	7091.31	6962.23	839.938	871.834	839.938	6994.12
228.85	5656.13	5741.83	828.893	865.626	828.893	5778.56
228.8	4490.92	4654.08	820.495	862.706	820.495	4696.29
228.75	3508.92	3727.14	814.329	862.729	814.329	3775.54
228.7	2799.89	2967.43	809.776	865.151	809.776	3022.81
228.65	2237.29	2366.2	806.502	869.719	806.502	2429.42
228.6	1861.32	1905.21	804.083	876.093	804.083	1977.22
228.55	1616.01	1561.97	802.221	884.066	802.221	1643.82
228.5	1446.34	1313.79	800.743	893.56	800.743	1406.61
228.45	1387.55	1138.35	799.398	904.421	799.398	1243.37
228.4	1297.98	1017.39	798.254	916.824	798.254	1135.96
228.35	1223.49	935.947	797.279	930.84	797.279	1069.51
228.3	1201.8	882.246	796.351	946.457	796.351	1032.35
228.25	1168.42	847.583	795.498	963.813	795.498	1015.9
228.2	1137.3	825.634	794.714	983.013	794.714	1013.93
228.15	1160.03	811.845	793.876	1004.04	793.876	1022.01
228.1	1156.92	803.266	793.044	1027.07	793.044	1037.29
228.05	1135.83	797.95	792.258	1052.23	792.258	1057.92
228	1153.74	794.531	791.429	1079.54	791.429	1082.64
227.95	1182.8	792.186	790.531	1109.06	790.531	1110.71
227.9	1201.45	790.452	789.589	1140.88	789.589	1141.74
227.85	1204.1	789.08	788.638	1175.11	788.638	1175.55
227.8	1232.51	787.842	787.62	1211.73	787.62	1211.95
227.75	1226.71	786.722	786.613	1250.85	786.613	1250.95
227.7	1257.64	785.585	785.533	1292.38	785.533	1292.44
227.65	1304.32	784.368	784.343	1336.28	784.343	1336.3
227.6	1321.49	783.122	783.111	1382.56	783.111	1382.57
227.55	1404.98	781.69	781.685	1431.03	781.685	1431.04
227.5	1403.96	780.26	780.258	1481.72	780.258	1481.73
227.45	1434.8	778.758	778.757	1534.4	778.757	1534.41
227.4	1521.26	777.054	777.054	1588.75	777.054	1588.75
227.35	1546.38	775.29	775.29	1644.66	775.29	1644.66
227.3	1574.63	773.456	773.456	1701.85	773.456	1701.85
227.25	1662.91	771.417	771.417	1759.87	771.417	1759.87
227.2	1719.62	769.242	769.242	1818.43	769.242	1818.43
227.15	1797.86	766.883	766.883	1877.08	766.883	1877.08
227.1	1873.71	764.345	764.345	1935.37	764.345	1935.37
227.05	1942.58	761.643	761.643	1992.87	761.643	1992.87
227	1973.23	758.864	758.864	2049.15	758.864	2049.15
226.95	2016.55	755.98	755.98	2103.67	755.98	2103.67
226.9	2102.6	752.891	752.891	2155.78	752.891	2155.78
226.85	2187.02	749.602	749.602	2204.96	749.602	2204.96
226.8	2254.04	746.152	746.152	2250.7	746.152	2250.7
226.75	2334.26	742.51	742.51	2292.45	742.51	2292.45
226.7	2359.65	738.801	738.801	2329.82	738.801	2329.82
226.65	2432.18	734.918	734.918	2362.23	734.918	2362.23
226.6	2444	730.998	730.998	2389.4	730.998	2389.4
226.55	2488.12	726.968	726.968	2410.87	726.968	2410.87
226.5	2522.88	722.85	722.85	2426.36	722.85	2426.36
226.45	2541.94	718.678	718.678	2435.64	718.678	2435.64
226.4	2554.89	714.467	714.467	2438.58	714.467	2438.58
226.35	2555.28	710.245	710.245	2435.09	710.245	2435.09
226.3	2569.42	705.981	705.981	2425.15	705.981	2425.15
226.25	2510.07	701.844	701.844	2409	701.844	2409
226.2	2458.39	697.816	697.816	2386.75	697.816	2386.75
226.15	2390.22	693.934	693.934	2358.7	693.934	2358.7
226.1	2379.65	690.068	690.068	2324.99	690.068	2324.99
226.05	2361.58	686.235	686.235	2286	686.235	2286
226	2283.53	682.572	682.572	2242.3	682.572	2242.3
225.95	2192.9	679.108	679.108	2194.37	679.108	2194.37
225.9	2100.06	675.849	675.849	2142.72	675.849	2142.72
225.85	2036.95	672.728	672.728	2087.81	672.728	2087.81
225.8	1957.27	669.782	669.782	2030.2	669.782	2030.2
225.75	1863.11	667.045	667.045	1970.48	667.045	1970.48
225.7	1778.12	664.497	664.497	1909.16	664.497	1909.16
225.65	1751.74	662.004	662.004	1846.64	662.004	1846.64
225.6	1659.85	659.715	659.715	1783.58	659.715	1783.58
225.55	1599.35	657.56	657.56	1720.38	657.56	1720.38
225.5	1544.14	655.527	655.527	1657.5	655.527	1657.5
225.45	1484.8	653.625	653.625	1595.36	653.625	1595.36
225.4	1437.34	651.828	651.828	1534.29	651.828	1534.29
225.35	1379.23	650.16	650.16	1474.64	650.16	1474.64
225.3	1344.04	648.568	648.568	1416.66	648.568	1416.66
225.25	1316.43	647.037	647.037	1360.56	647.037	1360.56
225.2	1284.77	645.574	645.574	1306.55	645.574	1306.55
225.15	1230.51	644.233	644.233	1254.85	644.233	1254.85
225.1	1185.62	642.991	642.991	1205.57	642.991	1205.57
225.05	1157.47	641.811	641.811	1158.75	641.811	1158.75
225	1137.42	640.674	640.674	1114.42	640.674	1114.42
224.95	1108.62	639.601	639.601	1072.65	639.601	1072.65
224.9	1054.31	638.65	638.65	1033.49	638.65	1033.49
224.85	1037.3	637.736	637.736	996.833	637.736	996.833
224.8	983.045	636.944	636.944	962.722	636.944	962.722
224.75	988.569	636.138	636.138	930.964	636.138	930.964
224.7	970.683	635.37	635.37	901.54	635.37	901.54
224.65	959.369	634.627	634.627	874.348	634.627	874.348
224.6	947.135	633.911	633.911	849.299	633.911	849.299
224.55	920.258	633.254	633.254	826.324	633.254	826.324
224.5	921.258	632.593	632.593	805.254	632.593	805.254
224.45	917.468	631.94	631.94	785.992	631.94	785.992
224.4	881.346	631.368	631.368	768.501	631.368	768.501
224.35	861.147	630.841	630.841	752.635	630.841	752.635
224.3	866.906	630.3	630.3	738.225	630.3	738.225
224.25	820.147	629.864	629.864	725.285	629.864	725.285
224.2	835.443	629.393	629.393	713.569	629.393	713.569
224.15	826.001	628.942	628.942	703.033	628.942	703.033
224.1	815.309	628.515	628.515	693.584	628.515	693.584
224.05	781.281	628.164	628.164	685.184	628.164	685.184
224	766.184	627.848	627.848	677.704	627.848	677.704
223.95	782.424	627.493	627.493	670.99	627.493	670.99
223.9	789.703	627.121	627.121	664.987	627.121	664.987
223.85	758.122	626.821	626.821	659.712	626.821	659.712
223.8	777.779	626.475	626.475	654.983	626.475	654.983
223.75	749.66	626.192	626.192	650.847	626.192	650.847
223.7	751.441	625.905	625.905	647.182	625.905	647.182
223.65	733.793	625.657	625.657	643.979	625.657	643.979
223.6	731.941	625.414	625.414	641.156	625.414	641.156
223.55	709.089	625.222	625.222	638.724	625.222	638.724
223.5	734.711	624.971	624.971	636.529	624.971	636.529
223.45	735.051	624.718	624.718	634.592	624.718	634.592
223.4	707.779	624.528	624.528	632.944	624.528	632.944
223.35	713.42	624.324	624.324	631.482	624.324	631.482
223.3	702.512	624.145	624.145	630.22	624.145	630.22
223.25	690.892	623.992	623.992	629.137	623.992	629.137
223.2	702.385	623.812	623.812	628.161	623.812	628.161
223.15	725.619	623.578	623.578	627.246	623.578	627.246
223.1	727.406	623.34	623.34	626.427	623.34	626.427
223.05	717.988	623.123	623.123	625.715	623.123	625.715
223	684.894	622.981	622.981	625.153	622.981	625.153
222.95	670.84	622.872	622.872	624.688	622.872	624.688
222.9	670.699	622.762	622.762	624.277	622.762	624.277
222.85	670.725	622.652	622.652	623.913	622.652	623.913
222.8	674.358	622.533	622.533	623.581	622.533	623.581
222.75	683.757	622.393	622.393	623.262	622.393	623.262
222.7	676.491	622.269	622.269	622.988	622.269	622.988
222.65	681.535	622.133	622.133	622.726	622.133	622.726
222.6	690.098	621.977	621.977	622.466	621.977	622.466
222.55	662.453	621.884	621.884	622.286	621.884	622.286
222.5	684.12	621.742	621.742	622.071	621.742	622.071
222.45	685.178	621.596	621.596	621.866	621.596	621.866
222.4	643.019	621.547	621.547	621.767	621.547	621.767
222.35	658.772	621.462	621.462	621.641	621.462	621.641
222.3	640.761	621.417	621.417	621.563	621.417	621.563
222.25	652.47	621.346	621.346	621.464	621.346	621.464
222.2	647.239	621.287	621.287	621.382	621.287	621.382
222.15	659.686	621.199	621.199	621.276	621.199	621.276
222.1	665.204	621.098	621.098	621.16	621.098	621.16
222.05	631.333	621.074	621.074	621.124	621.074	621.124
222	635.58	621.041	621.041	621.081	621.041	621.081
221.95	635.23	621.008	621.008	621.041	621.008	621.041
221.9	644.025	620.956	620.956	620.981	620.956	620.981
221.85	633.46	620.927	620.927	620.948	620.927	620.948
221.8	632.297	620.901	620.901	620.917	620.901	620.917
221.75	646.57	620.842	620.842	620.855	620.842	620.855
221.7	655.697	620.762	620.762	620.772	620.762	620.772
221.65	662.672	620.666	620.666	620.674	620.666	620.674
221.6	631.627	620.641	620.641	620.647	620.641	620.647
221.55	640.98	620.594	620.594	620.599	620.594	620.599
221.5	647.471	620.533	620.533	620.537	620.533	620.537
221.45	649.801	620.465	620.465	620.469	620.465	620.469
221.4	658.638	620.378	620.378	620.38	620.378	620.38
221.35	621.415	620.376	620.376	620.377	620.376	620.377
221.3	634.361	620.343	620.343	620.345	620.343	620.345
221.25	642.414	620.293	620.293	620.294	620.293	620.294
221.2	618.402	620.289	620.289	620.289	620.289	620.289
221.15	634.894	620.255	620.255	620.256	620.255	620.256
221.1	613.362	620.239	620.239	620.24	620.239	620.24
221.05	613.469	620.224	620.224	620.224	620.224	620.224
221	631.99	620.197	620.197	620.197	620.197	620.197
220.95	619.971	620.196	620.196	620.197	620.196	620.197
220.9	628.497	620.177	620.177	620.177	620.177	620.177
220.85	645.599	620.119	620.119	620.119	620.119	620.119
220.8	613.701	620.104	620.104	620.104	620.104	620.104
220.75	614.368	620.091	620.091	620.091	620.091	620.091
220.7	620.66	620.09	620.09	620.09	620.09	620.09
220.65	610.075	620.067	620.067	620.067	620.067	620.067
220.6	593.028	620.005	620.005	620.005	620.005	620.005
220.55	610.706	619.984	619.984	619.984	619.984	619.984
220.5	629.788	619.962	619.962	619.962	619.962	619.962
220.45	635.456	619.926	619.926	619.926	619.926	619.926
220.4	624.521	619.916	619.916	619.916	619.916	619.916
220.35	623.518	619.907	619.907	619.907	619.907	619.907
220.3	619.892	619.907	619.907	619.907	619.907	619.907
220.25	612.362	619.89	619.89	619.89	619.89	619.89
220.2	628.004	619.871	619.871	619.871	619.871	619.871
220.15	610.007	619.849	619.849	619.849	619.849	619.849
220.1	600.196	619.804	619.804	619.804	619.804	619.804
220.05	636.929	619.765	619.765	619.765	619.765	619.765
220	619.765	619.765	619.765	619.765	619.765	619.765
219.95	628.314	628.314	628.314	628.314	628.314	628.314
219.9	616.482	616.482	616.482	616.482	616.482	616.482
219.85	631.052	631.052	631.052	631.052	631.052	631.052
219.8	610.617	610.617	610.617	610.617	610.617	610.617
219.75	612.48	612.48	612.48	612.48	612.48	612.48
219.7	609.285	609.285	609.285	609.285	609.285	609.285
219.65	617.357	617.357	617.357	617.357	617.357	617.357
219.6	625.799	625.799	625.799	625.799	625.799	625.799
219.55	609.516	609.516	609.516	609.516	609.516	609.516
219.5	591.049	591.049	591.049	591.049	591.049	591.049
219.45	603.783	603.783	603.783	603.783	603.783	603.783
219.4	608.527	608.527	608.527	608.527	608.527	608.527
219.35	616.537	616.537	616.537	616.537	616.537	616.537
219.3	615.211	615.211	615.211	615.211	615.211	615.211
219.25	632.751	632.751	632.751	632.751	632.751	632.751
219.2	625.322	625.322	625.322	625.322	625.322	625.322
219.15	615.172	615.172	615.172	615.172	615.172	615.172
219.1	619.373	619.373	619.373	619.373	619.373	619.373
219.05	641.303	641.303	641.303	641.303	641.303	641.303
219	622.065	622.065	622.065	622.065	622.065	622.065
218.95	624.672	624.672	624.672	624.672	624.672	624.672
218.9	598.233	598.233	598.233	598.233	598.233	598.233
218.85	602.045	602.045	602.045	602.045	602.045	602.045
218.8	638.951	638.951	638.951	638.951	638.951	638.951
218.75	633.479	633.479	633.479	633.479	633.479	633.479
218.7	622.388	622.388	622.388	622.388	622.388	622.388
218.65	614.959	614.959	614.959	614.959	614.959	614.959
218.6	620.261	620.261	620.261	620.261	620.261	620.261
218.55	598.556	598.556	598.556	598.556	598.556	598.556
218.5	618.491	618.491	618.491	618.491	618.491	618.491
218.45	616.622	616.622	616.622	616.622	616.622	616.622
218.4	618.651	618.651	618.651	618.651	618.651	618.651
218.35	600.585	600.585	600.585	600.585	600.585	600.585
218.3	616.468	616.468	616.468	616.468	616.468	616.468
218.25	629.732	629.732	629.732	629.732	629.732	629.732
218.2	590.154	590.154	590.154	590.154	590.154	590.154
218.15	609.52	609.52	609.52	609.52	609.52	609.52
218.1	629.513	629.513	629.513	629.513	629.513	629.513
218.05	641.284	641.284	641.284	641.284	641.284	641.284
218	616.887	616.887	616.887	616.887	616.887	616.887
