278	2190.47	2190.47	2190.47	2190.47	2190.47	2190.47	2190.47	2190.47
277.95	2157.74	2157.74	2157.74	2157.74	2157.74	2157.74	2157.74	2157.74
277.9	2166.16	2166.16	2166.16	2166.16	2166.16	2166.16	2166.16	2166.16
277.85	2153.45	2153.45	2153.45	2153.45	2153.45	2153.45	2153.45	2153.45
277.8	2194.49	2194.49	2194.49	2194.49	2194.49	2194.49	2194.49	2194.49
277.75	2196.86	2196.86	2196.86	2196.86	2196.86	2196.86	2196.86	2196.86
277.7	2187.18	2187.18	2187.18	2187.18	2187.18	2187.18	2187.18	2187.18
277.65	2139.15	2139.15	2139.15	2139.15	2139.15	2139.15	2139.15	2139.15
277.6	2164.97	2164.97	2164.97	2164.97	2164.97	2164.97	2164.97	2164.97
277.55	2150.75	2150.75	2150.75	2150.75	2150.75	2150.75	2150.75	2150.75
277.5	2189.98	2189.98	2189.98	2189.98	2189.98	2189.98	2189.98	2189.98
277.45	2206.99	2206.99	2206.99	2206.99	2206.99	2206.99	2206.99	2206.99
277.4	2203.74	2203.74	2203.74	2203.74	2203.74	2203.74	2203.74	2203.74
277.35	2172.76	2172.76	2172.76	2172.76	2172.76	2172.76	2172.76	2172.76
277.3	2149.25	2149.25	2149.25	2149.25	2149.25	2149.25	2149.25	2149.25
277.25	2168.75	2168.75	2168.75	2168.75	2168.75	2168.75	2168.75	2168.75
277.2	2108.73	2108.73	2108.73	2108.73	2108.73	2108.73	2108.73	2108.73
277.15	2200.81	2200.81	2200.81	2200.81	2200.81	2200.81	2200.81	2200.81
277.1	2165.31	2165.31	2165.31	2165.31	2165.31	2165.31	2165.31	2165.31
277.05	2198.05	2198.05	2198.05	2198.05	2198.05	2198.05	2198.05	2198.05
277	2139.71	2139.71	2139.71	2139.71	2139.71	2139.71	2139.71	2139.71
276.95	2130.53	2130.53	2130.53	2130.53	2130.53	2130.53	2130.53	2130.53
276.9	2146.54	2146.54	2146.54	2146.54	2146.54	2146.54	2146.54	2146.54
276.85	2144.39	2144.39	2144.39	2144.39	2144.39	2144.39	2144.39	2144.39
276.8	2135.73	2135.73	2135.73	2135.73	2135.73	2135.73	2135.73	2135.73
276.75	2176.17	2176.17	2176.17	2176.17	2176.17	2176.17	2176.17	2176.17
276.7	2145.53	2145.53	2145.53	2145.53	2145.53	2145.53	2145.53	2145.53
276.65	2168.13	2168.13	2168.13	2168.13	2168.13	2168.13	2168.13	2168.13
276.6	2175.73	2175.73	2175.73	2175.73	2175.73	2175.73	2175.73	2175.73
276.55	2144.99	2144.99	2144.99	2144.99	2144.99	2144.99	2144.99	2144.99
276.5	2155.98	2155.98	2155.98	2155.98	2155.98	2155.98	2155.98	2155.98
276.45	2159.59	2159.59	2159.59	2159.59	2159.59	2159.59	2159.59	2159.59
276.4	2120.92	2120.92	2120.92	2120.92	2120.92	2120.92	2120.92	2120.92
276.35	2184.79	2184.79	2184.79	2184.79	2184.79	2184.79	2184.79	2184.79
276.3	2185.58	2185.58	2185.58	2185.58	2185.58	2185.58	2185.58	2185.58
276.25	2119.38	2119.38	2119.38	2119.38	2119.38	2119.38	2119.38	2119.38
276.2	2135.32	2135.32	2135.32	2135.32	2135.32	2135.32	2135.32	2135.32
276.15	2208.01	2208.01	2208.01	2208.01	2208.01	2208.01	2208.01	2208.01
276.1	2187.04	2187.04	2187.04	2187.04	2187.04	2187.04	2187.04	2187.04
276.05	2188.61	2188.61	2188.61	2188.61	2188.61	2188.61	2188.61	2188.61
276	2165.03	2165.03	2165.03	2165.03	2165.03	2165.03	2165.03	2165.03
275.95	2135.84	2135.84	2135.84	2135.84	2135.84	2135.84	2135.84	2135.84
275.9	2169.16	2169.16	2169.16	2169.16	2169.16	2169.16	2169.16	2169.16
275.85	2172.55	2172.55	2172.55	2172.55	2172.55	2172.55	2172.55	2172.55
275.8	2147.99	2147.99	2147.99	2147.99	2147.99	2147.99	2147.99	2147.99
275.75	2126.64	2126.64	2126.64	2126.64	2126.64	2126.64	2126.64	2126.64
275.7	2105.43	2105.43	2105.43	2105.43	2105.43	2105.43	2105.43	2105.43
275.65	2169.66	2169.66	2169.66	2169.66	2169.66	2169.66	2169.66	2169.66
275.6	2151.75	2151.75	2151.75	2151.75	2151.75	2151.75	2151.75	2151.75
275.55	2139.61	2139.61	2139.61	2139.61	2139.61	2139.61	2139.61	2139.61
275.5	2125.56	2125.56	2125.56	2125.56	2125.56	2125.56	2125.56	2125.56
275.45	2149.66	2149.66	2149.66	2149.66	2149.66	2149.66	2149.66	2149.66
275.4	2162.48	2162.48	2162.48	2162.48	2162.48	2162.48	2162.48	2162.48
275.35	2134.91	2134.91	2134.91	2134.91	2134.91	2134.91	2134.91	2134.91
275.3	2136.73	2136.73	2136.73	2136.73	2136.73	2136.73	2136.73	2136.73
275.25	2161.81	2161.81	2161.81	2161.81	2161.81	2161.81	2161.81	2161.81
275.2	2143.66	2143.66	2143.66	2143.66	2143.66	2143.66	2143.66	2143.66
275.15	2173.07	2173.07	2173.07	2173.07	2173.07	2173.07	2173.07	2173.07
275.1	2095.38	2095.38	2095.38	2095.38	2095.38	2095.38	2095.38	2095.38
275.05	2122.67	2122.67	2122.67	2122.67	2122.67	2122.67	2122.67	2122.67
275	2135.31	2135.31	2135.31	2135.31	2135.31	2135.31	2135.31	2135.31
274.95	2101.52	2101.52	2101.52	2101.52	2101.52	2101.52	2101.52	2101.52
274.9	2136.48	2136.48	2136.48	2136.48	2136.48	2136.48	2136.48	2136.48
274.85	2131.2	2131.2	2131.2	2131.2	2131.2	2131.2	2131.2	2131.2
274.8	2118.99	2118.99	2118.99	2118.99	2118.99	2118.99	2118.99	2118.99
274.75	2118.56	2118.56	2118.56	2118.56	2118.56	2118.56	2118.56	2118.56
274.7	2112.37	2112.37	2112.37	2112.37	2112.37	2112.37	2112.37	2112.37
274.65	2128.05	2128.05	2128.05	2128.05	2128.05	2128.05	2128.05	2128.05
274.6	2098.75	2098.75	2098.75	2098.75	2098.75	2098.75	2098.75	2098.75
274.55	2151.86	2151.86	2151.86	2151.86	2151.86	2151.86	2151.86	2151.86
274.5	2114.44	2114.44	2114.44	2114.44	2114.44	2114.44	2114.44	2114.44
274.45	2112.22	2112.22	2112.22	2112.22	2112.22	2112.22	2112.22	2112.22
274.4	2081.25	2081.25	2081.25	2081.25	2081.25	2081.25	2081.25	2081.25
274.35	2098.13	2098.13	2098.13	2098.13	2098.13	2098.13	2098.13	2098.13
274.3	2126.52	2126.52	2126.52	2126.52	2126.52	2126.52	2126.52	2126.52
274.25	2126.52	2126.52	2126.52	2126.52	2126.52	2126.52	2126.52	2126.52
274.2	2101.62	2101.62	2101.62	2101.62	2101.62	2101.62	2101.62	2101.62
274.15	2127.54	2127.54	2127.54	2127.54	2127.54	2127.54	2127.54	2127.54
274.1	2114.58	2114.58	2114.58	2114.58	2114.58	2114.58	2114.58	2114.58
274.05	2140.65	2140.65	2140.65	2140.65	2140.65	2140.65	2140.65	2140.65
274	2096.1	2096.1	2096.1	2096.1	2096.1	2096.1	2096.1	2096.1
273.95	2155.35	2155.35	2155.35	2155.35	2155.35	2155.35	2155.35	2155.35
273.9	2145.91	2145.91	2145.91	2145.91	2145.91	2145.91	2145.91	2145.91
273.85	2102.32	2102.32	2102.32	2102.32	2102.32	2102.32	2102.32	2102.32
273.8	2099.38	2099.38	2099.38	2099.38	2099.38	2099.38	2099.38	2099.38
273.75	2142.58	2142.58	2142.58	2142.58	2142.58	2142.58	2142.58	2142.58
273.7	2121.94	2121.94	2121.94	2121.94	2121.94	2121.94	2121.94	2121.94
273.65	2083.56	2083.56	2083.56	2083.56	2083.56	2083.56	2083.56	2083.56
273.6	2145.63	2145.63	2145.63	2145.63	2145.63	2145.63	2145.63	2145.63
273.55	2165.64	2165.64	2165.64	2165.64	2165.64	2165.64	2165.64	2165.64
273.5	2113.28	2113.28	2113.28	2113.28	2113.28	2113.28	2113.28	2113.28
273.45	2082.25	2082.25	2082.25	2082.25	2082.25	2082.25	2082.25	2082.25
273.4	2104.69	2104.69	2104.69	2104.69	2104.69	2104.69	2104.69	2104.69
273.35	2108.5	2108.5	2108.5	2108.5	2108.5	2108.5	2108.5	2108.5
273.3	2126.36	2126.36	2126.36	2126.36	2126.36	2126.36	2126.36	2126.36
273.25	2109.1	2109.1	2109.1	2109.1	2109.1	2109.1	2109.1	2109.1
273.2	2155.65	2155.65	2155.65	2155.65	2155.65	2155.65	2155.65	2155.65
273.15	2120.08	2120.08	2120.08	2120.08	2120.08	2120.08	2120.08	2120.08
273.1	2107.43	2107.43	2107.43	2107.43	2107.43	2107.43	2107.43	2107.43
273.05	2124.34	2124.34	2124.34	2124.34	2124.34	2124.34	2124.34	2124.34
273	2085.91	2085.91	2085.91	2085.91	2085.91	2085.91	2085.91	2085.91
272.95	2082.22	2082.22	2082.22	2082.22	2082.22	2082.22	2082.22	2082.22
272.9	2076.48	2076.48	2076.48	2076.48	2076.48	2076.48	2076.48	2076.48
272.85	2081.9	2081.9	2081.9	2081.9	2081.9	2081.9	2081.9	2081.9
272.8	2115.6	2115.6	2115.6	2115.6	2115.6	2115.6	2115.6	2115.6
272.75	2121.81	2121.81	2121.81	2121.81	2121.81	2121.81	2121.81	2121.81
272.7	2041.95	2041.95	2041.95	2041.95	2041.95	2041.95	2041.95	2041.95
272.65	2072.54	2072.54	2072.54	2072.54	2072.54	2072.54	2072.54	2072.54
272.6	2133.07	2133.07	2133.07	2133.07	2133.07	2133.07	2133.07	2133.07
272.55	2126.84	2126.84	2126.84	2126.84	2126.84	2126.84	2126.84	2126.84
272.5	2093.78	2093.78	2093.78	2093.78	2093.78	2093.78	2093.78	2093.78
272.45	2054.24	2054.24	2054.24	2054.24	2054.24	2054.24	2054.24	2054.24
272.4	2026.99	2026.99	2026.99	2026.99	2026.99	2026.99	2026.99	2026.99
272.35	2060.66	2060.66	2060.66	2060.66	2060.66	2060.66	2060.66	2060.66
272.3	2073.38	2073.38	2073.38	2073.38	2073.38	2073.38	2073.38	2073.38
272.25	2130.51	2130.51	2130.51	2130.51	2130.51	2130.51	2130.51	2130.51
272.2	2071.78	2071.78	2071.78	2071.78	2071.78	2071.78	2071.78	2071.78
272.15	2092.25	2092.25	2092.25	2092.25	2092.25	2092.25	2092.25	2092.25
272.1	2065.34	2065.34	2065.34	2065.34	2065.34	2065.34	2065.34	2065.34
272.05	2085.76	2085.76	2085.76	2085.76	2085.76	2085.76	2085.76	2085.76
272	2147.45	2147.45	2147.45	2147.45	2147.45	2147.45	2147.45	2147.45
271.95	2099.59	2099.59	2099.59	2099.59	2099.59	2099.59	2099.59	2099.59
271.9	2062.29	2062.29	2062.29	2062.29	2062.29	2062.29	2062.29	2062.29
271.85	2076.23	2076.23	2076.23	2076.23	2076.23	2076.23	2076.23	2076.23
271.8	2095.82	2095.82	2095.82	2095.82	2095.82	2095.82	2095.82	2095.82
271.75	2078.57	2078.57	2078.57	2078.57	2078.57	2078.57	2078.57	2078.57
271.7	2071.31	2071.31	2071.31	2071.31	2071.31	2071.31	2071.31	2071.31
271.65	2057.83	2057.83	2057.83	2057.83	2057.83	2057.83	2057.83	2057.83
271.6	2035.1	2035.1	2035.1	2035.1	2035.1	2035.1	2035.1	2035.1
271.55	2054.29	2054.29	2054.29	2054.29	2054.29	2054.29	2054.29	2054.29
271.5	2084.5	2084.5	2084.5	2084.5	2084.5	2084.5	2084.5	2084.5
271.45	2085.43	2085.43	2085.43	2085.43	2085.43	2085.43	2085.43	2085.43
271.4	2073.75	2073.75	2073.75	2073.75	2073.75	2073.75	2073.75	2073.75
271.35	2058.46	2058.46	2058.46	2058.46	2058.46	2058.46	2058.46	2058.46
271.3	2067.34	2067.34	2067.34	2067.34	2067.34	2067.34	2067.34	2067.34
271.25	2043.41	2043.41	2043.41	2043.41	2043.41	2043.41	2043.41	2043.41
271.2	2044.6	2044.6	2044.6	2044.6	2044.6	2044.6	2044.6	2044.6
271.15	2063.47	2063.47	2063.47	2063.47	2063.47	2063.47	2063.47	2063.47
271.1	2053.92	2053.92	2053.92	2053.92	2053.92	2053.92	2053.92	2053.92
271.05	2051.34	2051.34	2051.34	2051.34	2051.34	2051.34	2051.34	2051.34
271	2036.66	2036.66	2036.66	2036.66	2036.66	2036.66	2036.66	2036.66
270.95	2051.2	2051.2	2051.2	2051.2	2051.2	2051.2	2051.2	2051.2
270.9	2059.76	2059.76	2059.76	2059.76	2059.76	2059.76	2059.76	2059.76
270.85	2022.49	2022.49	2022.49	2022.49	2022.49	2022.49	2022.49	2022.49
270.8	2074.18	2074.18	2074.18	2074.18	2074.18	2074.18	2074.18	2074.18
270.75	2037.42	2037.42	2037.42	2037.42	2037.42	2037.42	2037.42	2037.42
270.7	2075.94	2075.94	2075.94	2075.94	2075.94	2075.94	2075.94	2075.94
270.65	2050.3	2050.3	2050.3	2050.3	2050.3	2050.3	2050.3	2050.3
270.6	2023.14	2023.14	2023.14	2023.14	2023.14	2023.14	2023.14	2023.14
270.55	2030.1	2030.1	2030.1	2030.1	2030.1	2030.1	2030.1	2030.1
270.5	2043.85	2043.85	2043.85	2043.85	2043.85	2043.85	2043.85	2043.85
270.45	2061.15	2061.15	2061.15	2061.15	2061.15	2061.15	2061.15	2061.15
270.4	2045.64	2045.64	2045.64	2045.64	2045.64	2045.64	2045.64	2045.64
270.35	2020.65	2020.65	2020.65	2020.65	2020.65	2020.65	2020.65	2020.65
270.3	2058.35	2058.35	2058.35	2058.35	2058.35	2058.35	2058.35	2058.35
270.25	2035.52	2035.52	2035.52	2035.52	2035.52	2035.52	2035.52	2035.52
270.2	1995.48	1995.48	1995.48	1995.48	1995.48	1995.48	1995.48	1995.48
270.15	2040.97	2040.97	2040.97	2040.97	2040.97	2040.97	2040.97	2040.97
270.1	2024.03	2024.03	2024.03	2024.03	2024.03	2024.03	2024.03	2024.03
270.05	2027.8	2027.8	2027.8	2027.8	2027.8	2027.8	2027.8	2027.8
270	2025.46	2025.46	2025.46	2025.46	2025.46	2025.46	2025.46	2025.46
269.95	2041.61	2041.61	2041.61	2041.61	2041.61	2041.61	2041.61	2041.61
269.9	2061.3	2061.3	2061.3	2061.3	2061.3	2061.3	2061.3	2061.3
269.85	1997	1997	1997	1997	1997	1997	1997	1997
269.8	1952.19	1952.19	1952.19	1952.19	1952.19	1952.19	1952.19	1952.19
269.75	2010.62	2010.62	2010.62	2010.62	2010.62	2010.62	2010.62	2010.62
269.7	2046.8	2046.8	2046.8	2046.8	2046.8	2046.8	2046.8	2046.8
269.65	2067.15	2067.15	2067.15	2067.15	2067.15	2067.15	2067.15	2067.15
269.6	2059.47	2059.47	2059.47	2059.47	2059.47	2059.47	2059.47	2059.47
269.55	2020.81	2020.81	2020.81	2020.81	2020.81	2020.81	2020.81	2020.81
269.5	1997	1997	1997	1997	1997	1997	1997	1997
269.45	2008.66	2008.66	2008.66	2008.66	2008.66	2008.66	2008.66	2008.66
269.4	2015.82	2015.82	2015.82	2015.82	2015.82	2015.82	2015.82	2015.82
269.35	2007.18	2007.18	2007.18	2007.18	2007.18	2007.18	2007.18	2007.18
269.3	2022.2	2022.2	2022.2	2022.2	2022.2	2022.2	2022.2	2022.2
269.25	1992.88	1992.88	1992.88	1992.88	1992.88	1992.88	1992.88	1992.88
269.2	1978.05	1978.05	1978.05	1978.05	1978.05	1978.05	1978.05	1978.05
269.15	1974.72	1974.72	1974.72	1974.72	1974.72	1974.72	1974.72	1974.72
269.1	2018.84	2018.84	2018.84	2018.84	2018.84	2018.84	2018.84	2018.84
269.05	2007.16	2007.16	2007.16	2007.16	2007.16	2007.16	2007.16	2007.16
269	2018.19	2018.19	2018.19	2018.19	2018.19	2018.19	2018.19	2018.19
268.95	2005.35	2005.35	2005.35	2005.35	2005.35	2005.35	2005.35	2005.35
268.9	2008.32	2008.32	2008.32	2008.32	2008.32	2008.32	2008.32	2008.32
268.85	2025.66	2025.66	2025.66	2025.66	2025.66	2025.66	2025.66	2025.66
268.8	2004.37	2004.37	2004.37	2004.37	2004.37	2004.37	2004.37	2004.37
268.75	2000.13	2000.13	2000.13	2000.13	2000.13	2000.13	2000.13	2000.13
268.7	2016.18	2016.18	2016.18	2016.18	2016.18	2016.18	2016.18	2016.18
268.65	2033.9	2033.9	2033.9	2033.9	2033.9	2033.9	2033.9	2033.9
268.6	2005.46	2005.46	2005.46	2005.46	2005.46	2005.46	2005.46	2005.46
268.55	2037.05	2037.05	2037.05	2037.05	2037.05	2037.05	2037.05	2037.05
268.5	2026.99	2026.99	2026.99	2026.99	2026.99	2026.99	2026.99	2026.99
268.45	2042.53	2042.53	2042.53	2042.53	2042.53	2042.53	2042.53	2042.53
268.4	1973.41	1973.41	1973.41	1973.41	1973.41	1973.41	1973.41	1973.41
268.35	1961.33	1961.33	1961.33	1961.33	1961.33	1961.33	1961.33	1961.33
268.3	2021.53	2021.53	2021.53	2021.53	2021.53	2021.53	2021.53	2021.53
268.25	2067.85	2067.85	2067.85	2067.85	2067.85	2067.85	2067.85	2067.85
268.2	2047.7	2047.7	2047.7	2047.7	2047.7	2047.7	2047.7	2047.7
268.15	2060.35	2060.35	2060.35	2060.35	2060.35	2060.35	2060.35	2060.35
268.1	1979.5	1979.5	1979.5	1979.5	1979.5	1979.5	1979.5	1979.5
268.05	1972.74	1972.74	1972.74	1972.74	1972.74	1972.74	1972.74	1972.74
268	2028.09	2028.09	2028.09	2028.09	2028.09	2028.09	2028.09	2028.09
267.95	2011.32	2011.32	2011.32	2011.32	2011.32	2011.32	2011.32	2011.32
267.9	2007.04	2007.04	2007.04	2007.04	2007.04	2007.04	2007.04	2007.04
267.85	2003.09	2003.09	2003.09	2003.09	2003.09	2003.09	2003.09	2003.09
267.8	1986.18	1986.18	1986.18	1986.18	1986.18	1986.18	1986.18	1986.18
267.75	2013.08	2013.08	2013.08	2013.08	2013.08	2013.08	2013.08	2013.08
267.7	2020.45	2020.45	2020.45	2020.45	2020.45	2020.45	2020.45	2020.45
267.65	2014.06	2014.06	2014.06	2014.06	2014.06	2014.06	2014.06	2014.06
267.6	2040.5	2040.5	2040.5	2040.5	2040.5	2040.5	2040.5	2040.5
267.55	1997.47	1997.47	1997.47	1997.47	1997.47	1997.47	1997.47	1997.47
267.5	1953.25	1953.25	1953.25	1953.25	1953.25	1953.25	1953.25	1953.25
267.45	2026.98	2026.98	2026.98	2026.98	2026.98	2026.98	2026.98	2026.98
267.4	2032.52	2032.52	2032.52	2032.52	2032.52	2032.52	2032.52	2032.52
267.35	2013.98	2013.98	2013.98	2013.98	2013.98	2013.98	2013.98	2013.98
267.3	1989.54	1989.54	1989.54	1989.54	1989.54	1989.54	1989.54	1989.54
267.25	2000.03	2000.03	2000.03	2000.03	2000.03	2000.03	2000.03	2000.03
267.2	2020.44	2020.44	2020.44	2020.44	2020.44	2020.44	2020.44	2020.44
267.15	2019.59	2019.59	2019.59	2019.59	2019.59	2019.59	2019.59	2019.59
267.1	1991.01	1991.01	1991.01	1991.01	1991.01	1991.01	1991.01	1991.01
267.05	1959.33	1959.33	1959.33	1959.33	1959.33	1959.33	1959.33	1959.33
267	2008.78	2008.78	2008.78	2008.78	2008.78	2008.78	2008.78	2008.78
266.95	1988.52	1988.52	1988.52	1988.52	1988.52	1988.52	1988.52	1988.52
266.9	1999.77	1999.77	1999.77	1999.77	1999.77	1999.77	1999.77	1999.77
266.85	1972.25	1972.25	1972.25	1972.25	1972.25	1972.25	1972.25	1972.25
266.8	2007.22	2007.22	2007.22	2007.22	2007.22	2007.22	2007.22	2007.22
266.75	2003.63	2003.63	2003.63	2003.63	2003.63	2003.63	2003.63	2003.63
266.7	2022.2	2022.2	2022.2	2022.2	2022.2	2022.2	2022.2	2022.2
266.65	2035.65	2035.65	2035.65	2035.65	2035.65	2035.65	2035.65	2035.65
266.6	1970.76	1970.76	1970.76	1970.76	1970.76	1970.76	1970.76	1970.76
266.55	2004.38	2004.38	2004.38	2004.38	2004.38	2004.38	2004.38	2004.38
266.5	1972.28	1972.28	1972.28	1972.28	1972.28	1972.28	1972.28	1972.28
266.45	2027.24	2027.24	2027.24	2027.24	2027.24	2027.24	2027.24	2027.24
266.4	1996.23	1996.23	1996.23	1996.23	1996.23	1996.23	1996.23	1996.23
266.35	1968.77	1968.77	1968.77	1968.77	1968.77	1968.77	1968.77	1968.77
266.3	2028.24	2028.24	2028.24	2028.24	2028.24	2028.24	2028.24	2028.24
266.25	2049.23	2049.23	2049.23	2049.23	2049.23	2049.23	2049.23	2049.23
266.2	2016.85	2016.85	2016.85	2016.85	2016.85	2016.85	2016.85	2016.85
266.15	1999	1999	1999	1999	1999	1999	1999	1999
266.1	2014.12	2014.12	2014.12	2014.12	2014.12	2014.12	2014.12	2014.12
266.05	2030.51	2030.51	2030.51	2030.51	2030.51	2030.51	2030.51	2030.51
266	2007.14	2007.14	2007.14	2007.14	2007.14	2007.14	2007.14	2007.14
265.95	1972.93	1972.93	1972.93	1972.93	1972.93	1972.93	1972.93	1972.93
265.9	2005.56	2005.56	2005.56	2005.56	2005.56	2005.56	2005.56	2005.56
265.85	2016.13	2016.13	2016.13	2016.13	2016.13	2016.13	2016.13	2016.13
265.8	2035.82	2035.82	2035.82	2035.82	2035.82	2035.82	2035.82	2035.82
265.75	2035.7	2035.7	2035.7	2035.7	2035.7	2035.7	2035.7	2035.7
265.7	2019.98	2019.98	2019.98	2019.98	2019.98	2019.98	2019.98	2019.98
265.65	2000.2	2000.2	2000.2	2000.2	2000.2	2000.2	2000.2	2000.2
265.6	1993.89	1993.89	1993.89	1993.89	1993.89	1993.89	1993.89	1993.89
265.55	2002.43	2002.43	2002.43	2002.43	2002.43	2002.43	2002.43	2002.43
265.5	2009.19	2009.19	2009.19	2009.19	2009.19	2009.19	2009.19	2009.19
265.45	1969.5	1969.5	1969.5	1969.5	1969.5	1969.5	1969.5	1969.5
265.4	2008.01	2008.01	2008.01	2008.01	2008.01	2008.01	2008.01	2008.01
265.35	1979.14	1979.14	1979.14	1979.14	1979.14	1979.14	1979.14	1979.14
265.3	2012.38	2012.38	2012.38	2012.38	2012.38	2012.38	2012.38	2012.38
265.25	1984.46	1984.46	1984.46	1984.46	1984.46	1984.46	1984.46	1984.46
265.2	2003.81	2003.81	2003.81	2003.81	2003.81	2003.81	2003.81	2003.81
265.15	2003.15	2003.15	2003.15	2003.15	2003.15	2003.15	2003.15	2003.15
265.1	2067.11	2067.11	2067.11	2067.11	2067.11	2067.11	2067.11	2067.11
265.05	2021.49	2021.49	2021.49	2021.49	2021.49	2021.49	2021.49	2021.49
265	2049.41	2049.41	2049.41	2049.41	2049.41	2049.41	2049.41	2049.41
264.95	2015.31	2015.31	2015.31	2015.31	2015.31	2015.31	2015.31	2015.31
264.9	1981.75	1981.75	1981.75	1981.75	1981.75	1981.75	1981.75	1981.75
264.85	2014.29	2014.29	2014.29	2014.29	2014.29	2014.29	2014.29	2014.29
264.8	2004.71	2004.71	2004.71	2004.71	2004.71	2004.71	2004.71	2004.71
264.75	1997.44	1997.44	1997.44	1997.44	1997.44	1997.44	1997.44	1997.44
264.7	2048.16	2048.16	2048.16	2048.16	2048.16	2048.16	2048.16	2048.16
264.65	2048.13	2048.13	2048.13	2048.13	2048.13	2048.13	2048.13	2048.13
264.6	2008.92	2008.92	2008.92	2008.92	2008.92	2008.92	2008.92	2008.92
264.55	2037.8	2037.8	2037.8	2037.8	2037.8	2037.8	2037.8	2037.8
264.5	2037.48	2037.48	2037.48	2037.48	2037.48	2037.48	2037.48	2037.48
264.45	2019.51	2019.51	2019.51	2019.51	2019.51	2019.51	2019.51	2019.51
264.4	2021.24	2021.24	2021.24	2021.24	2021.24	2021.24	2021.24	2021.24
264.35	2021.12	2021.12	2021.12	2021.12	2021.12	2021.12	2021.12	2021.12
264.3	2004.87	2004.87	2004.87	2004.87	2004.87	2004.87	2004.87	2004.87
264.25	2028.38	2028.38	2028.38	2028.38	2028.38	2028.38	2028.38	2028.38
264.2	2050.6	2050.6	2050.6	2050.6	2050.6	2050.6	2050.6	2050.6
264.15	2042.2	2042.2	2042.2	2042.2	2042.2	2042.2	2042.2	2042.2
264.1	2041.99	2041.99	2041.99	2041.99	2041.99	2041.99	2041.99	2041.99
264.05	2035.42	2035.42	2035.42	2035.42	2035.42	2035.42	2035.42	2035.42
264	2008.45	2008.45	2008.45	2008.45	2008.45	2008.45	2008.45	2008.45
263.95	2024.68	2024.68	2024.68	2024.68	2024.68	2024.68	2024.68	2024.68
263.9	2038.02	2038.02	2038.02	2038.02	2038.02	2038.02	2038.02	2038.02
263.85	2035.33	2035.33	2035.33	2035.33	2035.33	2035.33	2035.33	2035.33
263.8	2036.59	2036.59	2036.59	2036.59	2036.59	2036.59	2036.59	2036.59
263.75	2042.56	2042.56	2042.56	2042.56	2042.56	2042.56	2042.56	2042.56
263.7	2031.56	2031.56	2031.56	2031.56	2031.56	2031.56	2031.56	2031.56
263.65	2067.05	2067.05	2067.05	2067.05	2067.05	2067.05	2067.05	2067.05
263.6	2017.11	2017.11	2017.11	2017.11	2017.11	2017.11	2017.11	2017.11
263.55	2065.25	2065.25	2065.25	2065.25	2065.25	2065.25	2065.25	2065.25
263.5	2079.82	2079.82	2079.82	2079.82	2079.82	2079.82	2079.82	2079.82
263.45	2050.33	2050.33	2050.33	2050.33	2050.33	2050.33	2050.33	2050.33
263.4	2055.72	2055.72	2055.72	2055.72	2055.72	2055.72	2055.72	2055.72
263.35	2043.41	2043.41	2043.41	2043.41	2043.41	2043.41	2043.41	2043.41
263.3	2045.76	2045.76	2045.76	2045.76	2045.76	2045.76	2045.76	2045.76
263.25	2036.3	2036.3	2036.3	2036.3	2036.3	2036.3	2036.3	2036.3
263.2	2029.99	2029.99	2029.99	2029.99	2029.99	2029.99	2029.99	2029.99
263.15	2079.96	2079.96	2079.96	2079.96	2079.96	2079.96	2079.96	2079.96
263.1	2037.29	2037.29	2037.29	2037.29	2037.29	2037.29	2037.29	2037.29
263.05	2066.13	2066.13	2066.13	2066.13	2066.13	2066.13	2066.13	2066.13
263	2053.65	2053.65	2053.65	2053.65	2053.65	2053.65	2053.65	2053.65
262.95	2051.15	2051.15	2051.15	2051.15	2051.15	2051.15	2051.15	2051.15
262.9	2052.97	2052.97	2052.97	2052.97	2052.97	2052.97	2052.97	2052.97
262.85	2055.86	2055.86	2055.86	2055.86	2055.86	2055.86	2055.86	2055.86
262.8	2061.67	2061.67	2061.67	2061.67	2061.67	2061.67	2061.67	2061.67
262.75	2054.3	2054.3	2054.3	2054.3	2054.3	2054.3	2054.3	2054.3
262.7	2076.2	2076.2	2076.2	2076.2	2076.2	2076.2	2076.2	2076.2
262.65	2085.05	2085.05	2085.05	2085.05	2085.05	2085.05	2085.05	2085.05
262.6	2069.77	2069.77	2069.77	2069.77	2069.77	2069.77	2069.77	2069.77
262.55	2060.39	2060.39	2060.39	2060.39	2060.39	2060.39	2060.39	2060.39
262.5	2042.23	2042.23	2042.23	2042.23	2042.23	2042.23	2042.23	2042.23
262.45	2079.23	2079.23	2079.23	2079.23	2079.23	2079.23	2079.23	2079.23
262.4	2082.84	2082.84	2082.84	2082.84	2082.84	2082.84	2082.84	2082.84
262.35	2108.61	2108.61	2108.61	2108.61	2108.61	2108.61	2108.61	2108.61
262.3	2130.39	2130.39	2130.39	2130.39	2130.39	2130.39	2130.39	2130.39
262.25	2140.57	2140.57	2140.57	2140.57	2140.57	2140.57	2140.57	2140.57
262.2	2121.01	2121.01	2121.01	2121.01	2121.01	2121.01	2121.01	2121.01
262.15	2073.13	2073.13	2073.13	2073.13	2073.13	2073.13	2073.13	2073.13
262.1	2045.56	2045.56	2045.56	2045.56	2045.56	2045.56	2045.56	2045.56
262.05	2075.86	2075.86	2075.86	2075.86	2075.86	2075.86	2075.86	2075.86
262	2096.24	2096.24	2096.24	2096.24	2096.24	2096.24	2096.24	2096.24
261.95	2094.71	2094.71	2094.71	2094.71	2094.71	2094.71	2094.71	2094.71
261.9	2117.25	2117.25	2117.25	2117.25	2117.25	2117.25	2117.25	2117.25
261.85	2112.21	2112.21	2112.21	2112.21	2112.21	2112.21	2112.21	2112.21
261.8	2089.17	2089.17	2089.17	2089.17	2089.17	2089.17	2089.17	2089.17
261.75	2110.96	2110.96	2110.96	2110.96	2110.96	2110.96	2110.96	2110.96
261.7	2132.83	2132.83	2132.83	2132.83	2132.83	2132.83	2132.83	2132.83
261.65	2149.72	2149.72	2149.72	2149.72	2149.72	2149.72	2149.72	2149.72
261.6	2113.7	2113.7	2113.7	2113.7	2113.7	2113.7	2113.7	2113.7
261.55	2118.16	2118.16	2118.16	2118.16	2118.16	2118.16	2118.16	2118.16
261.5	2097.11	2097.11	2097.11	2097.11	2097.11	2097.11	2097.11	2097.11
261.45	2111.91	2111.91	2111.91	2111.91	2111.91	2111.91	2111.91	2111.91
261.4	2111.75	2111.75	2111.75	2111.75	2111.75	2111.75	2111.75	2111.75
261.35	2126.83	2126.83	2126.83	2126.83	2126.83	2126.83	2126.83	2126.83
261.3	2117.47	2117.47	2117.47	2117.47	2117.47	2117.47	2117.47	2117.47
261.25	2139.8	2139.8	2139.8	2139.8	2139.8	2139.8	2139.8	2139.8
261.2	2115.98	2115.98	2115.98	2115.98	2115.98	2115.98	2115.98	2115.98
261.15	2140.57	2140.57	2140.57	2140.57	2140.57	2140.57	2140.57	2140.57
261.1	2171.5	2171.5	2171.5	2171.5	2171.5	2171.5	2171.5	2171.5
261.05	2178.67	2178.67	2178.67	2178.67	2178.67	2178.67	2178.67	2178.67
261	2159.46	2159.46	2159.46	2159.46	2159.46	2159.46	2159.46	2159.46
260.95	2172.53	2172.53	2172.53	2172.53	2172.53	2172.53	2172.53	2172.53
260.9	2149.05	2149.05	2149.05	2149.05	2149.05	2149.05	2149.05	2149.05
260.85	2143.16	2143.16	2143.16	2143.16	2143.16	2143.16	2143.16	2143.16
260.8	2133.69	2133.69	2133.69	2133.69	2133.69	2133.69	2133.69	2133.69
260.75	2172.01	2172.01	2172.01	2172.01	2172.01	2172.01	2172.01	2172.01
260.7	2177.88	2177.88	2177.88	2177.88	2177.88	2177.88	2177.88	2177.88
260.65	2164	2164	2164	2164	2164	2164	2164	2164
260.6	2154.71	2154.71	2154.71	2154.71	2154.71	2154.71	2154.71	2154.71
260.55	2147.22	2147.22	2147.22	2147.22	2147.22	2147.22	2147.22	2147.22
260.5	2190.84	2190.84	2190.84	2190.84	2190.84	2190.84	2190.84	2190.84
260.45	2214.13	2214.13	2214.13	2214.13	2214.13	2214.13	2214.13	2214.13
260.4	2182.11	2182.11	2182.11	2182.11	2182.11	2182.11	2182.11	2182.11
260.35	2238.19	2238.19	2238.19	2238.19	2238.19	2238.19	2238.19	2238.19
260.3	2197.62	2197.62	2197.62	2197.62	2197.62	2197.62	2197.62	2197.62
260.25	2155.1	2155.1	2155.1	2155.1	2155.1	2155.1	2155.1	2155.1
260.2	2195.57	2195.57	2195.57	2195.57	2195.57	2195.57	2195.57	2195.57
260.15	2219.08	2219.08	2219.08	2219.08	2219.08	2219.08	2219.08	2219.08
260.1	2205.82	2205.82	2205.82	2205.82	2205.82	2205.82	2205.82	2205.82
260.05	2212.22	2212.22	2212.22	2212.22	2212.22	2212.22	2212.22	2212.22
260	2195.74	2195.74	2195.74	2195.74	2195.74	2195.74	2195.74	2195.74
259.95	2204.65	2204.65	2204.65	2204.65	2204.65	2204.65	2204.65	2204.65
259.9	2205.53	2205.53	2205.53	2205.53	2205.53	2205.53	2205.53	2205.53
259.85	2219.22	2219.22	2219.22	2219.22	2219.22	2219.22	2219.22	2219.22
259.8	2208.43	2208.43	2208.43	2208.43	2208.43	2208.43	2208.43	2208.43
259.75	2188.34	2188.34	2188.34	2188.34	2188.34	2188.34	2188.34	2188.34
259.7	2213.25	2213.25	2213.25	2213.25	2213.25	2213.25	2213.25	2213.25
259.65	2202.32	2202.32	2202.32	2202.32	2202.32	2202.32	2202.32	2202.32
259.6	2218.7	2218.7	2218.7	2218.7	2218.7	2218.7	2218.7	2218.7
259.55	2219.77	2219.77	2219.77	2219.77	2219.77	2219.77	2219.77	2219.77
259.5	2223.94	2223.94	2223.94	2223.94	2223.94	2223.94	2223.94	2223.94
259.45	2275.42	2275.42	2275.42	2275.42	2275.42	2275.42	2275.42	2275.42
259.4	2259.61	2259.61	2259.61	2259.61	2259.61	2259.61	2259.61	2259.61
259.35	2233.65	2233.65	2233.65	2233.65	2233.65	2233.65	2233.65	2233.65
259.3	2249.17	2249.17	2249.17	2249.17	2249.17	2249.17	2249.17	2249.17
259.25	2291.6	2291.6	2291.6	2291.6	2291.6	2291.6	2291.6	2291.6
259.2	2273.87	2273.87	2273.87	2273.87	2273.87	2273.87	2273.87	2273.87
259.15	2251.27	2251.27	2251.27	2251.27	2251.27	2251.27	2251.27	2251.27
259.1	2257.76	2257.76	2257.76	2257.76	2257.76	2257.76	2257.76	2257.76
259.05	2306.33	2306.33	2306.33	2306.33	2306.33	2306.33	2306.33	2306.33
259	2224.63	2224.63	2224.63	2224.63	2224.63	2224.63	2224.63	2224.63
258.95	2253.78	2253.78	2253.78	2253.78	2253.78	2253.78	2253.78	2253.78
258.9	2264.3	2264.3	2264.3	2264.3	2264.3	2264.3	2264.3	2264.3
258.85	2296.85	2296.85	2296.85	2296.85	2296.85	2296.85	2296.85	2296.85
258.8	2316.14	2316.14	2316.14	2316.14	2316.14	2316.14	2316.14	2316.14
258.75	2261.07	2261.07	2261.07	2261.07	2261.07	2261.07	2261.07	2261.07
258.7	2294.06	2294.06	2294.06	2294.06	2294.06	2294.06	2294.06	2294.06
258.65	2260.86	2260.86	2260.86	2260.86	2260.86	2260.86	2260.86	2260.86
258.6	2332.78	2332.78	2332.78	2332.78	2332.78	2332.78	2332.78	2332.78
258.55	2293.81	2293.81	2293.81	2293.81	2293.81	2293.81	2293.81	2293.81
258.5	2267.83	2267.83	2267.83	2267.83	2267.83	2267.83	2267.83	2267.83
258.45	2310.62	2310.62	2310.62	2310.62	2310.62	2310.62	2310.62	2310.62
258.4	2290.79	2290.79	2290.79	2290.79	2290.79	2290.79	2290.79	2290.79
258.35	2349.13	2349.13	2349.13	2349.13	2349.13	2349.13	2349.13	2349.13
258.3	2353.39	2353.39	2353.39	2353.39	2353.39	2353.39	2353.39	2353.39
258.25	2313.93	2313.93	2313.93	2313.93	2313.93	2313.93	2313.93	2313.93
258.2	2333.96	2333.96	2333.96	2333.96	2333.96	2333.96	2333.96	2333.96
258.15	2359.01	2359.01	2359.01	2359.01	2359.01	2359.01	2359.01	2359.01
258.1	2376.64	2376.64	2376.64	2376.64	2376.64	2376.64	2376.64	2376.64
258.05	2372.79	2372.79	2372.79	2372.79	2372.79	2372.79	2372.79	2372.79
258	2373.45	2373.45	2373.45	2373.45	2373.45	2373.45	2373.45	2373.45
257.95	2314.66	2314.66	2314.66	2314.66	2314.66	2314.66	2314.66	2314.66
257.9	2365.96	2365.96	2365.96	2365.96	2365.96	2365.96	2365.96	2365.96
257.85	2371.59	2371.59	2371.59	2371.59	2371.59	2371.59	2371.59	2371.59
257.8	2388.17	2388.17	2388.17	2388.17	2388.17	2388.17	2388.17	2388.17
257.75	2368.5	2368.5	2368.5	2368.5	2368.5	2368.5	2368.5	2368.5
257.7	2381.5	2381.5	2381.5	2381.5	2381.5	2381.5	2381.5	2381.5
257.65	2428.28	2428.28	2428.28	2428.28	2428.28	2428.28	2428.28	2428.28
257.6	2433.4	2433.4	2433.4	2433.4	2433.4	2433.4	2433.4	2433.4
257.55	2410.43	2410.43	2410.43	2410.43	2410.43	2410.43	2410.43	2410.43
257.5	2405.59	2405.59	2405.59	2405.59	2405.59	2405.59	2405.59	2405.59
257.45	2405.65	2405.65	2405.65	2405.65	2405.65	2405.65	2405.65	2405.65
257.4	2385.28	2385.28	2385.28	2385.28	2385.28	2385.28	2385.28	2385.28
257.35	2373.95	2373.95	2373.95	2373.95	2373.95	2373.95	2373.95	2373.95
257.3	2430.95	2430.95	2430.95	2430.95	2430.95	2430.95	2430.95	2430.95
257.25	2465.45	2465.45	2465.45	2465.45	2465.45	2465.45	2465.45	2465.45
257.2	2421.58	2421.58	2421.58	2421.58	2421.58	2421.58	2421.58	2421.58
257.15	2407.94	2407.94	2407.94	2407.94	2407.94	2407.94	2407.94	2407.94
257.1	2428.65	2428.65	2428.65	2428.65	2428.65	2428.65	2428.65	2428.65
257.05	2444.44	2444.44	2444.44	2444.44	2444.44	2444.44	2444.44	2444.44
257	2455.03	2455.03	2455.03	2455.03	2455.03	2455.03	2455.03	2455.03
256.95	2483.2	2483.2	2483.2	2483.2	2483.2	2483.2	2483.2	2483.2
256.9	2446.94	2446.94	2446.94	2446.94	2446.94	2446.94	2446.94	2446.94
256.85	2407.78	2407.78	2407.78	2407.78	2407.78	2407.78	2407.78	2407.78
256.8	2458.86	2458.86	2458.86	2458.86	2458.86	2458.86	2458.86	2458.86
256.75	2460.9	2460.9	2460.9	2460.9	2460.9	2460.9	2460.9	2460.9
256.7	2472.68	2472.68	2472.68	2472.68	2472.68	2472.68	2472.68	2472.68
256.65	2486.11	2486.11	2486.11	2486.11	2486.11	2486.11	2486.11	2486.11
256.6	2453.48	2453.48	2453.48	2453.48	2453.48	2453.48	2453.48	2453.48
256.55	2478.33	2478.33	2478.33	2478.33	2478.33	2478.33	2478.33	2478.33
256.5	2494.8	2494.8	2494.8	2494.8	2494.8	2494.8	2494.8	2494.8
256.45	2473.92	2473.92	2473.92	2473.92	2473.92	2473.92	2473.92	2473.92
256.4	2469.91	2469.91	2469.91	2469.91	2469.91	2469.91	2469.91	2469.91
256.35	2504.7	2504.7	2504.7	2504.7	2504.7	2504.7	2504.7	2504.7
256.3	2488.78	2488.78	2488.78	2488.78	2488.78	2488.78	2488.78	2488.78
256.25	2487.8	2487.8	2487.8	2487.8	2487.8	2487.8	2487.8	2487.8
256.2	2495.83	2495.83	2495.83	2495.83	2495.83	2495.83	2495.83	2495.83
256.15	2490.7	2490.7	2490.7	2490.7	2490.7	2490.7	2490.7	2490.7
256.1	2479.45	2479.45	2479.45	2479.45	2479.45	2479.45	2479.45	2479.45
256.05	2524.61	2524.61	2524.61	2524.61	2524.61	2524.61	2524.61	2524.61
256	2541.38	2541.38	2541.38	2541.38	2541.38	2541.38	2541.38	2541.38
255.95	2543.67	2543.67	2543.67	2543.67	2543.67	2543.67	2543.67	2543.67
255.9	2546.38	2546.38	2546.38	2546.38	2546.38	2546.38	2546.38	2546.38
255.85	2516.11	2516.11	2516.11	2516.11	2516.11	2516.11	2516.11	2516.11
255.8	2500.24	2500.24	2500.24	2500.24	2500.24	2500.24	2500.24	2500.24
255.75	2569.32	2569.32	2569.32	2569.32	2569.32	2569.32	2569.32	2569.32
255.7	2549.4	2549.4	2549.4	2549.4	2549.4	2549.4	2549.4	2549.4
255.65	2529.33	2529.33	2529.33	2529.33	2529.33	2529.33	2529.33	2529.33
255.6	2558.45	2558.45	2558.45	2558.45	2558.45	2558.45	2558.45	2558.45
255.55	2534.51	2534.51	2534.51	2534.51	2534.51	2534.51	2534.51	2534.51
255.5	2559.88	2559.88	2559.88	2559.88	2559.88	2559.88	2559.88	2559.88
255.45	2551.46	2551.46	2551.46	2551.46	2551.46	2551.46	2551.46	2551.46
255.4	2475.52	2475.52	2475.52	2475.52	2475.52	2475.52	2475.52	2475.52
255.35	2561.64	2561.64	2561.64	2561.64	2561.64	2561.64	2561.64	2561.64
255.3	2592.54	2592.54	2592.54	2592.54	2592.54	2592.54	2592.54	2592.54
255.25	2569.69	2569.69	2569.69	2569.69	2569.69	2569.69	2569.69	2569.69
255.2	2545.67	2545.67	2545.67	2545.67	2545.67	2545.67	2545.67	2545.67
255.15	2554.97	2554.97	2554.97	2554.97	2554.97	2554.97	2554.97	2554.97
255.1	2555.74	2555.74	2555.74	2555.74	2555.74	2555.74	2555.74	2555.74
255.05	2541.13	2541.13	2541.13	2541.13	2541.13	2541.13	2541.13	2541.13
255	2543.02	2543.02	2543.02	2543.02	2543.02	2543.02	2543.02	2543.02
254.95	2595.35	2595.35	2595.35	2595.35	2595.35	2595.35	2595.35	2595.35
254.9	2602.23	2602.23	2602.23	2602.23	2602.23	2602.23	2602.23	2602.23
254.85	2555.42	2555.42	2555.42	2555.42	2555.42	2555.42	2555.42	2555.42
254.8	2541	2541	2541	2541	2541	2541	2541	2541
254.75	2559.64	2559.64	2559.64	2559.64	2559.64	2559.64	2559.64	2559.64
254.7	2567.46	2567.46	2567.46	2567.46	2567.46	2567.46	2567.46	2567.46
254.65	2559.85	2559.85	2559.85	2559.85	2559.85	2559.85	2559.85	2559.85
254.6	2588.58	2588.58	2588.58	2588.58	2588.58	2588.58	2588.58	2588.58
254.55	2558.34	2558.34	2558.34	2558.34	2558.34	2558.34	2558.34	2558.34
254.5	2567.57	2567.57	2567.57	2567.57	2567.57	2567.57	2567.57	2567.57
254.45	2551.5	2551.5	2551.5	2551.5	2551.5	2551.5	2551.5	2551.5
254.4	2560.25	2560.25	2560.25	2560.25	2560.25	2560.25	2560.25	2560.25
254.35	2587.9	2587.9	2587.9	2587.9	2587.9	2587.9	2587.9	2587.9
254.3	2570.36	2570.36	2570.36	2570.36	2570.36	2570.36	2570.36	2570.36
254.25	2610.46	2610.46	2610.46	2610.46	2610.46	2610.46	2610.46	2610.46
254.2	2600.95	2600.95	2600.95	2600.95	2600.95	2600.95	2600.95	2600.95
254.15	2580.11	2580.11	2580.11	2580.11	2580.11	2580.11	2580.11	2580.11
254.1	2569.13	2569.13	2569.13	2569.13	2569.13	2569.13	2569.13	2569.13
254.05	2558.35	2558.35	2558.35	2558.35	2558.35	2558.35	2558.35	2558.35
254	2572.37	2572.37	2572.37	2572.37	2572.37	2572.37	2572.37	2572.37
253.95	2582.91	2582.91	2582.91	2582.91	2582.91	2582.91	2582.91	2582.91
253.9	2612.37	2612.37	2612.37	2612.37	2612.37	2612.37	2612.37	2612.37
253.85	2584.47	2584.47	2584.47	2584.47	2584.47	2584.47	2584.47	2584.47
253.8	2577.96	2577.96	2577.96	2577.96	2577.96	2577.96	2577.96	2577.96
253.75	2570.93	2570.93	2570.93	2570.93	2570.93	2570.93	2570.93	2570.93
253.7	2604.38	2604.38	2604.38	2604.38	2604.38	2604.38	2604.38	2604.38
253.65	2565.86	2565.86	2565.86	2565.86	2565.86	2565.86	2565.86	2565.86
253.6	2548.04	2548.04	2548.04	2548.04	2548.04	2548.04	2548.04	2548.04
253.55	2568.51	2568.51	2568.51	2568.51	2568.51	2568.51	2568.51	2568.51
253.5	2558.55	2558.55	2558.55	2558.55	2558.55	2558.55	2558.55	2558.55
253.45	2561.6	2561.6	2561.6	2561.6	2561.6	2561.6	2561.6	2561.6
253.4	2576.36	2576.36	2576.36	2576.36	2576.36	2576.36	2576.36	2576.36
253.35	2629.62	2629.62	2629.62	2629.62	2629.62	2629.62	2629.62	2629.62
253.3	2577.58	2577.58	2577.58	2577.58	2577.58	2577.58	2577.58	2577.58
253.25	2575.78	2575.78	2575.78	2575.78	2575.78	2575.78	2575.78	2575.78
253.2	2611.46	2611.46	2611.46	2611.46	2611.46	2611.46	2611.46	2611.46
253.15	2574.69	2574.69	2574.69	2574.69	2574.69	2574.69	2574.69	2574.69
253.1	2588.23	2588.23	2588.23	2588.23	2588.23	2588.23	2588.23	2588.23
253.05	2585.06	2585.06	2585.06	2585.06	2585.06	2585.06	2585.06	2585.06
253	2587.85	2587.85	2587.85	2587.85	2587.85	2587.85	2587.85	2587.85
252.95	2516.48	2516.48	2516.48	2516.48	2516.48	2516.48	2516.48	2516.48
252.9	2556.7	2556.7	2556.7	2556.7	2556.7	2556.7	2556.7	2556.7
252.85	2615.69	2615.69	2615.69	2615.69	2615.69	2615.69	2615.69	2615.69
252.8	2594.64	2594.64	2594.64	2594.64	2594.64	2594.64	2594.64	2594.64
252.75	2604.92	2604.92	2604.92	2604.92	2604.92	2604.92	2604.92	2604.92
252.7	2577.04	2577.04	2577.04	2577.04	2577.04	2577.04	2577.04	2577.04
252.65	2548.67	2548.67	2548.67	2548.67	2548.67	2548.67	2548.67	2548.67
252.6	2544.76	2544.76	2544.76	2544.76	2544.76	2544.76	2544.76	2544.76
252.55	2539.58	2539.58	2539.58	2539.58	2539.58	2539.58	2539.58	2539.58
252.5	2556.03	2556.03	2556.03	2556.03	2556.03	2556.03	2556.03	2556.03
252.45	2529.97	2529.97	2529.97	2529.97	2529.97	2529.97	2529.97	2529.97
252.4	2601.39	2601.39	2601.39	2601.39	2601.39	2601.39	2601.39	2601.39
252.35	2573.71	2573.71	2573.71	2573.71	2573.71	2573.71	2573.71	2573.71
252.3	2535.77	2535.77	2535.77	2535.77	2535.77	2535.77	2535.77	2535.77
252.25	2521.32	2521.32	2521.32	2521.32	2521.32	2521.32	2521.32	2521.32
252.2	2564.11	2564.11	2564.11	2564.11	2564.11	2564.11	2564.11	2564.11
252.15	2555.45	2555.45	2555.45	2555.45	2555.45	2555.45	2555.45	2555.45
252.1	2540.49	2540.49	2540.49	2540.49	2540.49	2540.49	2540.49	2540.49
252.05	2528.88	2528.88	2528.88	2528.88	2528.88	2528.88	2528.88	2528.88
252	2577.93	2577.93	2577.93	2577.93	2577.93	2577.93	2577.93	2577.93
251.95	2551.4	2551.4	2551.4	2551.4	2551.4	2551.4	2551.4	2551.4
251.9	2536.53	2536.53	2536.53	2536.53	2536.53	2536.53	2536.53	2536.53
251.85	2514.23	2514.23	2514.23	2514.23	2514.23	2514.23	2514.23	2514.23
251.8	2530.64	2530.64	2530.64	2530.64	2530.64	2530.64	2530.64	2530.64
251.75	2533.07	2533.07	2533.07	2533.07	2533.07	2533.07	2533.07	2533.07
251.7	2510.45	2510.45	2510.45	2510.45	2510.45	2510.45	2510.45	2510.45
251.65	2512.73	2512.73	2512.73	2512.73	2512.73	2512.73	2512.73	2512.73
251.6	2551.04	2551.04	2551.04	2551.04	2551.04	2551.04	2551.04	2551.04
251.55	2518.7	2518.7	2518.7	2518.7	2518.7	2518.7	2518.7	2518.7
251.5	2498.26	2498.26	2498.26	2498.26	2498.26	2498.26	2498.26	2498.26
251.45	2509.15	2509.15	2509.15	2509.15	2509.15	2509.15	2509.15	2509.15
251.4	2480.1	2480.1	2480.1	2480.1	2480.1	2480.1	2480.1	2480.1
251.35	2465.14	2465.14	2465.14	2465.14	2465.14	2465.14	2465.14	2465.14
251.3	2452.76	2452.76	2452.76	2452.76	2452.76	2452.76	2452.76	2452.76
251.25	2469.41	2469.41	2469.41	2469.41	2469.41	2469.41	2469.41	2469.41
251.2	2423.03	2423.03	2423.03	2423.03	2423.03	2423.03	2423.03	2423.03
251.15	2430.03	2430.03	2430.03	2430.03	2430.03	2430.03	2430.03	2430.03
251.1	2435.04	2435.04	2435.04	2435.04	2435.04	2435.04	2435.04	2435.04
251.05	2492.65	2492.65	2492.65	2492.65	2492.65	2492.65	2492.65	2492.65
251	2523.03	2523.03	2523.03	2523.03	2523.03	2523.03	2523.03	2523.03
250.95	2454.8	2454.8	2454.8	2454.8	2454.8	2454.8	2454.8	2454.8
250.9	2461.9	2461.9	2461.9	2461.9	2461.9	2461.9	2461.9	2461.9
250.85	2464.44	2464.44	2464.44	2464.44	2464.44	2464.44	2464.44	2464.44
250.8	2410.14	2410.14	2410.14	2410.14	2410.14	2410.14	2410.14	2410.14
250.75	2436.97	2436.97	2436.97	2436.97	2436.97	2436.97	2436.97	2436.97
250.7	2392.46	2392.46	2392.46	2392.46	2392.46	2392.46	2392.46	2392.46
250.65	2444.69	2444.69	2444.69	2444.69	2444.69	2444.69	2444.69	2444.69
250.6	2475.82	2475.82	2475.82	2475.82	2475.82	2475.82	2475.82	2475.82
250.55	2401.48	2401.48	2401.48	2401.48	2401.48	2401.48	2401.48	2401.48
250.5	2393.4	2393.4	2393.4	2393.4	2393.4	2393.4	2393.4	2393.4
250.45	2379.94	2379.94	2379.94	2379.94	2379.94	2379.94	2379.94	2379.94
250.4	2416.3	2416.3	2416.3	2416.3	2416.3	2416.3	2416.3	2416.3
250.35	2427.14	2427.14	2427.14	2427.14	2427.14	2427.14	2427.14	2427.14
250.3	2431.65	2431.65	2431.65	2431.65	2431.65	2431.65	2431.65	2431.65
250.25	2427.34	2427.34	2427.34	2427.34	2427.34	2427.34	2427.34	2427.34
250.2	2450.58	2450.58	2450.58	2450.58	2450.58	2450.58	2450.58	2450.58
250.15	2404.16	2404.16	2404.16	2404.16	2404.16	2404.16	2404.16	2404.16
250.1	2403.56	2403.56	2403.56	2403.56	2403.56	2403.56	2403.56	2403.56
250.05	2395.06	2395.06	2395.06	2395.06	2395.06	2395.06	2395.06	2395.06
250	2366.63	2366.63	2366.63	2366.63	2366.63	2366.63	2366.63	2366.63
249.95	2341.05	2341.05	2341.05	2341.05	2341.05	2341.05	2341.05	2341.05
249.9	2405.5	2405.5	2405.5	2405.5	2405.5	2405.5	2405.5	2405.5
249.85	2357.23	2357.23	2357.23	2357.23	2357.23	2357.23	2357.23	2357.23
249.8	2392.99	2392.99	2392.99	2392.99	2392.99	2392.99	2392.99	2392.99
249.75	2359.92	2359.92	2359.92	2359.92	2359.92	2359.92	2359.92	2359.92
249.7	2354.37	2354.37	2354.37	2354.37	2354.37	2354.37	2354.37	2354.37
249.65	2363.78	2363.78	2363.78	2363.78	2363.78	2363.78	2363.78	2363.78
249.6	2360.5	2360.5	2360.5	2360.5	2360.5	2360.5	2360.5	2360.5
249.55	2319.39	2319.39	2319.39	2319.39	2319.39	2319.39	2319.39	2319.39
249.5	2309.14	2309.14	2309.14	2309.14	2309.14	2309.14	2309.14	2309.14
249.45	2283.61	2283.61	2283.61	2283.61	2283.61	2283.61	2283.61	2283.61
249.4	2297.95	2297.95	2297.95	2297.95	2297.95	2297.95	2297.95	2297.95
249.35	2302.35	2302.35	2302.35	2302.35	2302.35	2302.35	2302.35	2302.35
249.3	2316.47	2316.47	2316.47	2316.47	2316.47	2316.47	2316.47	2316.47
249.25	2274.49	2274.49	2274.49	2274.49	2274.49	2274.49	2274.49	2274.49
249.2	2237.82	2237.82	2237.82	2237.82	2237.82	2237.82	2237.82	2237.82
249.15	2266.35	2266.35	2266.35	2266.35	2266.35	2266.35	2266.35	2266.35
249.1	2299.8	2299.8	2299.8	2299.8	2299.8	2299.8	2299.8	2299.8
249.05	2257.29	2257.29	2257.29	2257.29	2257.29	2257.29	2257.29	2257.29
249	2299.91	2299.91	2299.91	2299.91	2299.91	2299.91	2299.91	2299.91
248.95	2235.55	2235.55	2235.55	2235.55	2235.55	2235.55	2235.55	2235.55
248.9	2243.56	2243.56	2243.56	2243.56	2243.56	2243.56	2243.56	2243.56
248.85	2237.4	2237.4	2237.4	2237.4	2237.4	2237.4	2237.4	2237.4
248.8	2288.99	2288.99	2288.99	2288.99	2288.99	2288.99	2288.99	2288.99
248.75	2282.01	2282.01	2282.01	2282.01	2282.01	2282.01	2282.01	2282.01
248.7	2249.24	2249.24	2249.24	2249.24	2249.24	2249.24	2249.24	2249.24
248.65	2248.63	2248.63	2248.63	2248.63	2248.63	2248.63	2248.63	2248.63
248.6	2190.08	2190.08	2190.08	2190.08	2190.08	2190.08	2190.08	2190.08
248.55	2254.37	2254.37	2254.37	2254.37	2254.37	2254.37	2254.37	2254.37
248.5	2222.4	2222.4	2222.4	2222.4	2222.4	2222.4	2222.4	2222.4
248.45	2194.74	2194.74	2194.74	2194.74	2194.74	2194.74	2194.74	2194.74
248.4	2234.23	2234.23	2234.23	2234.23	2234.23	2234.23	2234.23	2234.23
248.35	2194.9	2194.9	2194.9	2194.9	2194.9	2194.9	2194.9	2194.9
248.3	2253.23	2253.23	2253.23	2253.23	2253.23	2253.23	2253.23	2253.23
248.25	2167.88	2167.88	2167.88	2167.88	2167.88	2167.88	2167.88	2167.88
248.2	2190.17	2190.17	2190.17	2190.17	2190.17	2190.17	2190.17	2190.17
248.15	2222.73	2222.73	2222.73	2222.73	2222.73	2222.73	2222.73	2222.73
248.1	2226.09	2226.09	2226.09	2226.09	2226.09	2226.09	2226.09	2226.09
248.05	2163.61	2163.61	2163.61	2163.61	2163.61	2163.61	2163.61	2163.61
248	2191.49	2191.49	2191.49	2191.49	2191.49	2191.49	2191.49	2191.49
247.95	2162.69	2162.69	2162.69	2162.69	2162.69	2162.69	2162.69	2162.69
247.9	2129.72	2129.72	2129.72	2129.72	2129.72	2129.72	2129.72	2129.72
247.85	2151.55	2151.55	2151.55	2151.55	2151.55	2151.55	2151.55	2151.55
247.8	2147.15	2147.15	2147.15	2147.15	2147.15	2147.15	2147.15	2147.15
247.75	2167.46	2167.46	2167.46	2167.46	2167.46	2167.46	2167.46	2167.46
247.7	2171.33	2171.33	2171.33	2171.33	2171.33	2171.33	2171.33	2171.33
247.65	2161.39	2161.39	2161.39	2161.39	2161.39	2161.39	2161.39	2161.39
247.6	2167.72	2167.72	2167.72	2167.72	2167.72	2167.72	2167.72	2167.72
247.55	2150.49	2150.49	2150.49	2150.49	2150.49	2150.49	2150.49	2150.49
247.5	2104.75	2104.75	2104.75	2104.75	2104.75	2104.75	2104.75	2104.75
247.45	2130.29	2130.29	2130.29	2130.29	2130.29	2130.29	2130.29	2130.29
247.4	2130.81	2130.81	2130.81	2130.81	2130.81	2130.81	2130.81	2130.81
247.35	2098.96	2098.96	2098.96	2098.96	2098.96	2098.96	2098.96	2098.96
247.3	2163.77	2163.77	2163.77	2163.77	2163.77	2163.77	2163.77	2163.77
247.25	2147.11	2147.11	2147.11	2147.11	2147.11	2147.11	2147.11	2147.11
247.2	2134.84	2134.84	2134.84	2134.84	2134.84	2134.84	2134.84	2134.84
247.15	2173.07	2173.07	2173.07	2173.07	2173.07	2173.07	2173.07	2173.07
247.1	2135.02	2135.02	2135.02	2135.02	2135.02	2135.02	2135.02	2135.02
247.05	2134.72	2134.72	2134.72	2134.72	2134.72	2134.72	2134.72	2134.72
247	2138.79	2138.79	2138.79	2138.79	2138.79	2138.79	2138.79	2138.79
246.95	2116.56	2116.56	2116.56	2116.56	2116.56	2116.56	2116.56	2116.56
246.9	2072.45	2072.45	2072.45	2072.45	2072.45	2072.45	2072.45	2072.45
246.85	2081.21	2081.21	2081.21	2081.21	2081.21	2081.21	2081.21	2081.21
246.8	2091.86	2091.86	2091.86	2091.86	2091.86	2091.86	2091.86	2091.86
246.75	2069.62	2069.62	2069.62	2069.62	2069.62	2069.62	2069.62	2069.62
246.7	2097.62	2097.62	2097.62	2097.62	2097.62	2097.62	2097.62	2097.62
246.65	2078.31	2078.31	2078.31	2078.31	2078.31	2078.31	2078.31	2078.31
246.6	2058.53	2058.53	2058.53	2058.53	2058.53	2058.53	2058.53	2058.53
246.55	2081.63	2081.63	2081.63	2081.63	2081.63	2081.63	2081.63	2081.63
246.5	2026.43	2026.43	2026.43	2026.43	2026.43	2026.43	2026.43	2026.43
246.45	2094.58	2094.58	2094.58	2094.58	2094.58	2094.58	2094.58	2094.58
246.4	2055.32	2055.32	2055.32	2055.32	2055.32	2055.32	2055.32	2055.32
246.35	2023.1	2023.1	2023.1	2023.1	2023.1	2023.1	2023.1	2023.1
246.3	2042.77	2042.77	2042.77	2042.77	2042.77	2042.77	2042.77	2042.77
246.25	2039.91	2039.91	2039.91	2039.91	2039.91	2039.91	2039.91	2039.91
246.2	2023.45	2023.45	2023.45	2023.45	2023.45	2023.45	2023.45	2023.45
246.15	2027.38	2027.38	2027.38	2027.38	2027.38	2027.38	2027.38	2027.38
246.1	2035.29	2035.29	2035.29	2035.29	2035.29	2035.29	2035.29	2035.29
246.05	1996.33	1996.33	1996.33	1996.33	1996.33	1996.33	1996.33	1996.33
246	1990.89	1990.89	1990.89	1990.89	1990.89	1990.89	1990.89	1990.89
245.95	1971.41	1971.41	1971.41	1971.41	1971.41	1971.41	1971.41	1971.41
245.9	1988.11	1988.11	1988.11	1988.11	1988.11	1988.11	1988.11	1988.11
245.85	1968.04	1968.04	1968.04	1968.04	1968.04	1968.04	1968.04	1968.04
245.8	1970.26	1970.26	1970.26	1970.26	1970.26	1970.26	1970.26	1970.26
245.75	1951.18	1951.18	1951.18	1951.18	1951.18	1951.18	1951.18	1951.18
245.7	1907.63	1907.63	1907.63	1907.63	1907.63	1907.63	1907.63	1907.63
245.65	1965.73	1965.73	1965.73	1965.73	1965.73	1965.73	1965.73	1965.73
245.6	1980.33	1980.33	1980.33	1980.33	1980.33	1980.33	1980.33	1980.33
245.55	1978.04	1978.04	1978.04	1978.04	1978.04	1978.04	1978.04	1978.04
245.5	2000.96	2000.96	2000.96	2000.96	2000.96	2000.96	2000.96	2000.96
245.45	1934.32	1934.32	1934.32	1934.32	1934.32	1934.32	1934.32	1934.32
245.4	1932.48	1932.48	1932.48	1932.48	1932.48	1932.48	1932.48	1932.48
245.35	1970.92	1970.92	1970.92	1970.92	1970.92	1970.92	1970.92	1970.92
245.3	1973.6	1973.6	1973.6	1973.6	1973.6	1973.6	1973.6	1973.6
245.25	1920.69	1920.69	1920.69	1920.69	1920.69	1920.69	1920.69	1920.69
245.2	1943.96	1943.96	1943.96	1943.96	1943.96	1943.96	1943.96	1943.96
245.15	1939.42	1939.42	1939.42	1939.42	1939.42	1939.42	1939.42	1939.42
245.1	1947.79	1947.79	1947.79	1947.79	1947.79	1947.79	1947.79	1947.79
245.05	1941.98	1941.98	1941.98	1941.98	1941.98	1941.98	1941.98	1941.98
245	1927.93	1927.93	1927.93	1927.93	1927.93	1927.93	1927.93	1927.93
244.95	1880.38	1880.38	1880.38	1880.38	1880.38	1880.38	1880.38	1880.38
244.9	1883.15	1883.15	1883.15	1883.15	1883.15	1883.15	1883.15	1883.15
244.85	1876.62	1876.62	1876.62	1876.62	1876.62	1876.62	1876.62	1876.62
244.8	1879.54	1879.54	1879.54	1879.54	1879.54	1879.54	1879.54	1879.54
244.75	1877.61	1877.61	1877.61	1877.61	1877.61	1877.61	1877.61	1877.61
244.7	1864.81	1864.81	1864.81	1864.81	1864.81	1864.81	1864.81	1864.81
244.65	1889.73	1889.73	1889.73	1889.73	1889.73	1889.73	1889.73	1889.73
244.6	1862.09	1862.09	1862.09	1862.09	1862.09	1862.09	1862.09	1862.09
244.55	1822.81	1822.81	1822.81	1822.81	1822.81	1822.81	1822.81	1822.81
244.5	1864.9	1864.9	1864.9	1864.9	1864.9	1864.9	1864.9	1864.9
244.45	1887.96	1887.96	1887.96	1887.96	1887.96	1887.96	1887.96	1887.96
244.4	1880.48	1880.48	1880.48	1880.48	1880.48	1880.48	1880.48	1880.48
244.35	1894.33	1894.33	1894.33	1894.33	1894.33	1894.33	1894.33	1894.33
244.3	1873.63	1873.63	1873.63	1873.63	1873.63	1873.63	1873.63	1873.63
244.25	1825.06	1825.06	1825.06	1825.06	1825.06	1825.06	1825.06	1825.06
244.2	1858.03	1858.03	1858.03	1858.03	1858.03	1858.03	1858.03	1858.03
244.15	1913.93	1913.93	1913.93	1913.93	1913.93	1913.93	1913.93	1913.93
244.1	1827.89	1827.89	1827.89	1827.89	1827.89	1827.89	1827.89	1827.89
244.05	1825.16	1825.16	1825.16	1825.16	1825.16	1825.16	1825.16	1825.16
244	1892.28	1892.28	1892.28	1892.28	1892.28	1892.28	1892.28	1892.28
243.95	1861.51	1861.51	1861.51	1861.51	1861.51	1861.51	1861.51	1861.51
243.9	1850.96	1850.96	1850.96	1850.96	1850.96	1850.96	1850.96	1850.96
243.85	1842.84	1842.84	1842.84	1842.84	1842.84	1842.84	1842.84	1842.84
243.8	1856.36	1856.36	1856.36	1856.36	1856.36	1856.36	1856.36	1856.36
243.75	1874.78	1874.78	1874.78	1874.78	1874.78	1874.78	1874.78	1874.78
243.7	1879.75	1879.75	1879.75	1879.75	1879.75	1879.75	1879.75	1879.75
243.65	1846.45	1846.45	1846.45	1846.45	1846.45	1846.45	1846.45	1846.45
243.6	1818.34	1818.34	1818.34	1818.34	1818.34	1818.34	1818.34	1818.34
243.55	1823.51	1823.51	1823.51	1823.51	1823.51	1823.51	1823.51	1823.51
243.5	1843.66	1843.66	1843.66	1843.66	1843.66	1843.66	1843.66	1843.66
243.45	1811.68	1811.68	1811.68	1811.68	1811.68	1811.68	1811.68	1811.68
243.4	1853.44	1853.44	1853.44	1853.44	1853.44	1853.44	1853.44	1853.44
243.35	1811.07	1811.07	1811.07	1811.07	1811.07	1811.07	1811.07	1811.07
243.3	1828.08	1828.08	1828.08	1828.08	1828.08	1828.08	1828.08	1828.08
243.25	1846.69	1846.69	1846.69	1846.69	1846.69	1846.69	1846.69	1846.69
243.2	1828.27	1828.27	1828.27	1828.27	1828.27	1828.27	1828.27	1828.27
243.15	1814.33	1814.33	1814.33	1814.33	1814.33	1814.33	1814.33	1814.33
243.1	1846.81	1846.81	1846.81	1846.81	1846.81	1846.81	1846.81	1846.81
243.05	1769.09	1769.09	1769.09	1769.09	1769.09	1769.09	1769.09	1769.09
243	1820.35	1820.35	1820.35	1820.35	1820.35	1820.35	1820.35	1820.35
242.95	1783.12	1783.12	1783.12	1783.12	1783.12	1783.12	1783.12	1783.12
242.9	1832.25	1832.25	1832.25	1832.25	1832.25	1832.25	1832.25	1832.25
242.85	1800.73	1800.73	1800.73	1800.73	1800.73	1800.73	1800.73	1800.73
242.8	1783.05	1783.05	1783.05	1783.05	1783.05	1783.05	1783.05	1783.05
242.75	1815.59	1815.59	1815.59	1815.59	1815.59	1815.59	1815.59	1815.59
242.7	1805.34	1805.34	1805.34	1805.34	1805.34	1805.34	1805.34	1805.34
242.65	1798.86	1798.86	1798.86	1798.86	1798.86	1798.86	1798.86	1798.86
242.6	1811.63	1811.63	1811.63	1811.63	1811.63	1811.63	1811.63	1811.63
242.55	1795.98	1795.98	1795.98	1795.98	1795.98	1795.98	1795.98	1795.98
242.5	1786.29	1786.29	1786.29	1786.29	1786.29	1786.29	1786.29	1786.29
242.45	1772.67	1772.67	1772.67	1772.67	1772.67	1772.67	1772.67	1772.67
242.4	1788.44	1788.44	1788.44	1788.44	1788.44	1788.44	1788.44	1788.44
242.35	1774.11	1774.11	1774.11	1774.11	1774.11	1774.11	1774.11	1774.11
242.3	1773.42	1773.42	1773.42	1773.42	1773.42	1773.42	1773.42	1773.42
242.25	1766.85	1766.85	1766.85	1766.85	1766.85	1766.85	1766.85	1766.85
242.2	1749.21	1749.21	1749.21	1749.21	1749.21	1749.21	1749.21	1749.21
242.15	1769.38	1769.38	1769.38	1769.38	1769.38	1769.38	1769.38	1769.38
242.1	1745.78	1745.78	1745.78	1745.78	1745.78	1745.78	1745.78	1745.78
242.05	1759.86	1759.86	1759.86	1759.86	1759.86	1759.86	1759.86	1759.86
242	1747.22	1747.22	1747.22	1747.22	1747.22	1747.22	1747.22	1747.22
241.95	1831.49	1831.49	1831.49	1831.49	1831.49	1831.49	1831.49	1831.49
241.9	1806.16	1806.16	1806.16	1806.16	1806.16	1806.16	1806.16	1806.16
241.85	1768.84	1768.84	1768.84	1768.84	1768.84	1768.84	1768.84	1768.84
241.8	1755.65	1755.65	1755.65	1755.65	1755.65	1755.65	1755.65	1755.65
241.75	1796.72	1796.72	1796.72	1796.72	1796.72	1796.72	1796.72	1796.72
241.7	1807.87	1807.87	1807.87	1807.87	1807.87	1807.87	1807.87	1807.87
241.65	1776.96	1776.96	1776.96	1776.96	1776.96	1776.96	1776.96	1776.96
241.6	1770.24	1770.24	1770.24	1770.24	1770.24	1770.24	1770.24	1770.24
241.55	1753.86	1753.86	1753.86	1753.86	1753.86	1753.86	1753.86	1753.86
241.5	1791.26	1791.26	1791.26	1791.26	1791.26	1791.26	1791.26	1791.26
241.45	1761.67	1761.67	1761.67	1761.67	1761.67	1761.67	1761.67	1761.67
241.4	1771.11	1771.11	1771.11	1771.11	1771.11	1771.11	1771.11	1771.11
241.35	1759.9	1759.9	1759.9	1759.9	1759.9	1759.9	1759.9	1759.9
241.3	1783.6	1783.6	1783.6	1783.6	1783.6	1783.6	1783.6	1783.6
241.25	1730.14	1730.14	1730.14	1730.14	1730.14	1730.14	1730.14	1730.14
241.2	1725.71	1725.71	1725.71	1725.71	1725.71	1725.71	1725.71	1725.71
241.15	1758.2	1758.2	1758.2	1758.2	1758.2	1758.2	1758.2	1758.2
241.1	1711.16	1711.16	1711.16	1711.16	1711.16	1711.16	1711.16	1711.16
241.05	1722.32	1722.32	1722.32	1722.32	1722.32	1722.32	1722.32	1722.32
241	1743.57	1743.57	1743.57	1743.57	1743.57	1743.57	1743.57	1743.57
240.95	1754.83	1754.83	1754.83	1754.83	1754.83	1754.83	1754.83	1754.83
240.9	1720.51	1720.51	1720.51	1720.51	1720.51	1720.51	1720.51	1720.51
240.85	1745.67	1745.67	1745.67	1745.67	1745.67	1745.67	1745.67	1745.67
240.8	1743.6	1743.6	1743.6	1743.6	1743.6	1743.6	1743.6	1743.6
240.75	1742.54	1742.54	1742.54	1742.54	1742.54	1742.54	1742.54	1742.54
240.7	1766.46	1766.46	1766.46	1766.46	1766.46	1766.46	1766.46	1766.46
240.65	1736.19	1736.19	1736.19	1736.19	1736.19	1736.19	1736.19	1736.19
240.6	1690.07	1690.07	1690.07	1690.07	1690.07	1690.07	1690.07	1690.07
240.55	1722.14	1722.14	1722.14	1722.14	1722.14	1722.14	1722.14	1722.14
240.5	1780.75	1780.75	1780.75	1780.75	1780.75	1780.75	1780.75	1780.75
240.45	1724.72	1724.72	1724.72	1724.72	1724.72	1724.72	1724.72	1724.72
240.4	1748.39	1748.39	1748.39	1748.39	1748.39	1748.39	1748.39	1748.39
240.35	1736.32	1736.32	1736.32	1736.32	1736.32	1736.32	1736.32	1736.32
240.3	1746.02	1746.02	1746.02	1746.02	1746.02	1746.02	1746.02	1746.02
240.25	1753.92	1753.92	1753.92	1753.92	1753.92	1753.92	1753.92	1753.92
240.2	1758.46	1758.46	1758.46	1758.46	1758.46	1758.46	1758.46	1758.46
240.15	1744.03	1744.03	1744.03	1744.03	1744.03	1744.03	1744.03	1744.03
240.1	1746.42	1746.42	1746.42	1746.42	1746.42	1746.42	1746.42	1746.42
240.05	1699.67	1699.67	1699.67	1699.67	1699.67	1699.67	1699.67	1699.67
240	1732.8	1732.8	1732.8	1732.8	1732.8	1732.8	1732.8	1732.8
239.95	1749.68	1749.68	1749.68	1749.68	1749.68	1749.68	1749.68	1749.68
239.9	1759.13	1759.13	1759.13	1759.13	1759.13	1759.13	1759.13	1759.13
239.85	1766.39	1766.39	1766.39	1766.39	1766.39	1766.39	1766.39	1766.39
239.8	1775.08	1775.08	1775.08	1775.08	1775.08	1775.08	1775.08	1775.08
239.75	1763.23	1763.23	1763.23	1763.23	1763.23	1763.23	1763.23	1763.23
239.7	1768.5	1768.5	1768.5	1768.5	1768.5	1768.5	1768.5	1768.5
239.65	1777.99	1777.99	1777.99	1777.99	1777.99	1777.99	1777.99	1777.99
239.6	1730.98	1730.98	1730.98	1730.98	1730.98	1730.98	1730.98	1730.98
239.55	1788.46	1788.46	1788.46	1788.46	1788.46	1788.46	1788.46	1788.46
239.5	1751.82	1751.82	1751.82	1751.82	1751.82	1751.82	1751.82	1751.82
239.45	1744.63	1744.63	1744.63	1744.63	1744.63	1744.63	1744.63	1744.63
239.4	1775.88	1775.88	1775.88	1775.88	1775.88	1775.88	1775.88	1775.88
239.35	1759.99	1759.99	1759.99	1759.99	1759.99	1759.99	1759.99	1759.99
239.3	1777.01	1777.01	1777.01	1777.01	1777.01	1777.01	1777.01	1777.01
239.25	1783.44	1783.44	1783.44	1783.44	1783.44	1783.44	1783.44	1783.44
239.2	1815.67	1815.67	1815.67	1815.67	1815.67	1815.67	1815.67	1815.67
239.15	1808.03	1808.03	1808.03	1808.03	1808.03	1808.03	1808.03	1808.03
239.1	1822.47	1822.47	1822.47	1822.47	1822.47	1822.47	1822.47	1822.47
239.05	1754.43	1754.43	1754.43	1754.43	1754.43	1754.43	1754.43	1754.43
239	1766.08	1754.41	1754.41	1754.41	1754.41	1754.41	1754.41	1754.41
238.95	1759.34	1754.4	1754.4	1754.4	1754.4	1754.4	1754.4	1754.4
238.9	1741.28	1754.38	1754.38	1754.38	1754.38	1754.38	1754.38	1754.38
238.85	1767.27	1754.35	1754.35	1754.35	1754.35	1754.35	1754.35	1754.35
238.8	1768.11	1754.33	1754.33	1754.33	1754.33	1754.33	1754.33	1754.33
238.75	1731.57	1754.29	1754.29	1754.29	1754.29	1754.29	1754.29	1754.29
238.7	1757.43	1754.28	1754.28	1754.28	1754.29	1754.28	1754.28	1754.29
238.65	1753.81	1754.28	1754.28	1754.28	1754.28	1754.28	1754.28	1754.28
238.6	1754.51	1754.28	1754.28	1754.28	1754.28	1754.28	1754.28	1754.28
238.55	1738.93	1754.26	1754.26	1754.26	1754.26	1754.26	1754.26	1754.26
238.5	1738.71	1754.23	1754.23	1754.23	1754.23	1754.23	1754.23	1754.23
238.45	1738.6	1754.2	1754.2	1754.2	1754.2	1754.2	1754.2	1754.2
238.4	1759.86	1754.19	1754.19	1754.19	1754.2	1754.19	1754.19	1754.2
238.35	1736.6	1754.16	1754.16	1754.16	1754.17	1754.16	1754.16	1754.17
238.3	1726.91	1754.11	1754.11	1754.11	1754.12	1754.11	1754.11	1754.12
238.25	1699.6	1754.02	1754.02	1754.02	1754.03	1754.02	1754.02	1754.03
238.2	1748.35	1754.01	1754.01	1754.01	1754.03	1754.01	1754.01	1754.03
238.15	1750.81	1754	1754	1754	1754.03	1754	1754	1754.03
238.1	1762.57	1753.99	1753.99	1753.99	1754.03	1753.99	1753.99	1754.03
238.05	1717.59	1753.92	1753.92	1753.92	1753.99	1753.92	1753.92	1753.99
238	1694.98	1753.82	1753.82	1753.82	1753.91	1753.82	1753.82	1753.91
237.95	1675.43	1753.68	1753.68	1753.68	1753.82	1753.68	1753.68	1753.82
237.9	1698.57	1753.58	1753.58	1753.58	1753.79	1753.58	1753.58	1753.79
237.85	1697.76	1753.49	1753.49	1753.49	1753.78	1753.49	1753.49	1753.78
237.8	1711.3	1753.41	1753.41	1753.41	1753.84	1753.41	1753.41	1753.84
237.75	1711.75	1753.34	1753.34	1753.34	1753.94	1753.34	1753.34	1753.94
237.7	1753.93	1753.34	1753.34	1753.34	1754.19	1753.34	1753.34	1754.19
237.65	1676.65	1753.2	1753.2	1753.2	1754.41	1753.2	1753.2	1754.41
237.6	1728.86	1753.16	1753.16	1753.16	1754.84	1753.16	1753.16	1754.84
237.55	1767.4	1753.13	1753.13	1753.13	1755.47	1753.13	1753.13	1755.47
237.5	1745.75	1753.12	1753.12	1753.12	1756.34	1753.12	1753.12	1756.34
237.45	1756.85	1753.11	1753.11	1753.11	1757.52	1753.11	1753.11	1757.52
237.4	1752.98	1753.11	1753.11	1753.11	1759.1	1753.11	1753.11	1759.1
237.35	1728.66	1753.07	1753.07	1753.07	1761.13	1753.07	1753.07	1761.13
237.3	1709.42	1752.99	1752.99	1752.99	1763.81	1752.99	1752.99	1763.81
237.25	1753.57	1752.99	1752.99	1752.99	1767.42	1752.99	1752.99	1767.42
237.2	1778.52	1752.95	1752.95	1752.95	1772.02	1752.95	1752.95	1772.02
237.15	1778.9	1752.9	1752.9	1752.9	1777.9	1752.9	1752.9	1777.9
237.1	1813.28	1752.8	1752.8	1752.8	1785.43	1752.8	1752.8	1785.43
237.05	1823.59	1752.67	1752.67	1752.67	1794.99	1752.67	1752.67	1794.99
237	1811.8	1752.57	1752.57	1752.57	1806.99	1752.57	1752.57	1806.99
236.95	1820.01	1752.45	1752.45	1752.45	1821.87	1752.45	1752.45	1821.87
236.9	1869.95	1752.24	1752.24	1752.24	1840.38	1752.24	1752.24	1840.38
236.85	1856.95	1752.06	1752.06	1752.06	1863.15	1752.06	1752.06	1863.15
236.8	1916.56	1751.77	1751.77	1751.77	1890.67	1751.77	1751.77	1890.67
236.75	1943.12	1751.43	1751.43	1751.43	1923.73	1751.43	1751.43	1923.73
236.7	1955.26	1751.07	1751.07	1751.07	1963.6	1751.07	1751.07	1963.6
236.65	1997.69	1750.63	1750.63	1750.63	2010.81	1750.63	1750.63	2010.81
236.6	2061.58	1750.08	1750.08	1750.08	2066.01	1750.08	1750.08	2066.01
236.55	2124.32	1749.42	1749.42	1749.42	2129.94	1749.42	1749.42	2129.94
236.5	2243.62	1748.55	1748.55	1748.55	2203.87	1748.55	1748.55	2203.87
236.45	2321.6	1747.54	1747.54	1747.54	2287.95	1747.54	1747.54	2287.95
236.4	2410.63	1746.37	1746.37	1746.37	2382.31	1746.37	1746.37	2382.31
236.35	2522.86	1745	1745	1745	2486.98	1745	1745	2486.98
236.3	2575.29	1743.53	1743.53	1743.53	2602.46	1743.53	1743.53	2602.46
236.25	2707.31	1741.83	1741.83	1741.83	2727.25	1741.83	1741.83	2727.25
236.2	2844.58	1739.88	1739.88	1739.88	2860	1739.88	1739.88	2860
236.15	2972.03	1737.71	1737.71	1737.71	2999.04	1737.71	1737.71	2999.04
236.1	3107.26	1735.29	1735.29	1735.29	3142.24	1735.29	1735.29	3142.24
236.05	3195.22	1732.71	1732.71	1732.71	3286.35	1732.71	1732.71	3286.35
236	3394.28	1729.78	1729.78	1729.78	3427.86	1729.78	1729.78	3427.86
235.95	3570.21	1726.53	1726.53	1726.53	3563.18	1726.53	1726.53	3563.18
235.9	3678.63	1723.09	1723.09	1723.09	3687.49	1723.09	1723.09	3687.49
235.85	3789.87	1719.44	1719.44	1719.44	3797.13	1719.44	1719.44	3797.13
235.8	3914.37	1715.56	1715.56	1715.56	3888.46	1715.56	1715.56	3888.46
235.75	3963.77	1711.59	1711.59	1711.59	3958.29	1711.59	1711.59	3958.29
235.7	4017.54	1707.52	1707.52	1707.52	4001.81	1707.52	1707.52	4001.81
235.65	4014.37	1703.45	1703.45	1703.45	4018.89	1703.45	1703.45	4018.89
235.6	4037.18	1699.33	1699.33	1699.33	4008.88	1699.33	1699.33	4008.88
235.55	3977.1	1695.31	1695.31	1695.31	3972.1	1695.31	1695.31	3972.1
235.5	3909.38	1691.4	1691.4	1691.4	3907.89	1691.4	1691.4	3907.89
235.45	3893.04	1687.52	1687.52	1687.52	3820.56	1687.52	1687.52	3820.56
235.4	3802.94	1683.78	1683.78	1683.78	3713.32	1683.78	1683.78	3713.32
235.35	3551.62	1680.49	1680.49	1680.49	3589.95	1680.49	1680.49	3589.95
235.3	3400.98	1677.45	1677.45	1677.45	3453.44	1677.45	1677.45	3453.44
235.25	3287.55	1674.61	1674.61	1674.61	3309.05	1674.61	1674.61	3309.05
235.2	3114.92	1672.06	1672.06	1672.07	3160.65	1672.06	1672.06	3160.66
235.15	2986.99	1669.74	1669.74	1669.75	3011.67	1669.74	1669.74	3011.67
235.1	2806.7	1667.74	1667.74	1667.75	2865.75	1667.74	1667.74	2865.76
235.05	2718.3	1665.88	1665.88	1665.9	2725.29	1665.88	1665.88	2725.31
235	2564.25	1664.3	1664.3	1664.32	2592.4	1664.3	1664.3	2592.42
234.95	2391.12	1663.01	1663.01	1663.05	2468.61	1663.01	1663.01	2468.65
234.9	2235.58	1662	1662	1662.06	2355.73	1662	1662	2355.79
234.85	2177.11	1661.09	1661.09	1661.18	2253.33	1661.09	1661.09	2253.42
234.8	2116.33	1660.29	1660.29	1660.42	2161.56	1660.29	1660.29	2161.69
234.75	2027.42	1659.64	1659.64	1659.84	2080.35	1659.64	1659.64	2080.54
234.7	1953.66	1659.12	1659.12	1659.41	2009.92	1659.12	1659.12	2010.21
234.65	1889.6	1658.71	1658.72	1659.13	1948.85	1658.71	1658.71	1949.27
234.6	1880.91	1658.32	1658.32	1658.92	1896.33	1658.32	1658.32	1896.92
234.55	1805.9	1658.06	1658.07	1658.91	1851.76	1658.06	1658.06	1852.62
234.5	1795.14	1657.82	1657.83	1659.03	1814.62	1657.82	1657.82	1815.84
234.45	1754.86	1657.65	1657.67	1659.35	1783.56	1657.65	1657.65	1785.29
234.4	1781.03	1657.43	1657.47	1659.81	1757.73	1657.43	1657.43	1760.15
234.35	1762.19	1657.25	1657.31	1660.56	1736.54	1657.25	1657.25	1739.92
234.3	1740.82	1657.1	1657.22	1661.68	1719.5	1657.1	1657.1	1724.21
234.25	1747.36	1656.94	1657.17	1663.22	1705.66	1656.94	1656.94	1712.16
234.2	1775.41	1656.73	1657.14	1665.26	1694.46	1656.73	1656.73	1703.39
234.15	1754.3	1656.56	1657.28	1668.11	1685.56	1656.56	1656.56	1697.83
234.1	1775.97	1656.35	1657.6	1671.88	1678.55	1656.35	1656.35	1695.34
234.05	1807.45	1656.08	1658.23	1676.79	1672.94	1656.08	1656.08	1695.81
234	1787.83	1655.85	1659.49	1683.24	1668.55	1655.85	1655.85	1699.58
233.95	1819.78	1655.56	1661.6	1691.64	1665.05	1655.56	1655.56	1707.18
233.9	1858.67	1655.2	1665.06	1702.39	1662.28	1655.2	1655.2	1719.33
233.85	1912.99	1654.74	1670.65	1715.96	1659.97	1654.74	1654.74	1737.09
233.8	1969.15	1654.19	1679.36	1732.95	1658.02	1654.19	1654.19	1761.95
233.75	2035.07	1653.52	1692.68	1754.4	1656.3	1653.52	1653.52	1796.34
233.7	2131.18	1652.67	1712.86	1780.95	1654.7	1652.67	1652.67	1843.16
233.65	2166.4	1651.77	1742.58	1813.56	1653.22	1651.77	1651.77	1905.82
233.6	2323.7	1650.58	1785.27	1853.02	1651.62	1650.58	1650.58	1988.75
233.55	2496.26	1649.09	1846.26	1901.02	1649.82	1649.09	1649.09	2098.92
233.5	2641.63	1647.34	1930.74	1958.54	1647.85	1647.34	1647.34	2242.46
233.45	2829.85	1645.25	2045.6	2026.56	1645.61	1645.25	1645.25	2427.28
233.4	3144.6	1642.6	2200.09	2106.06	1642.85	1642.6	1642.6	2663.8
233.35	3395.33	1639.51	2401.61	2199.16	1639.68	1639.51	1639.51	2961.43
233.3	3672.33	1635.92	2659.15	2306.49	1636.04	1635.92	1635.92	3329.85
233.25	4042.6	1631.67	2983.34	2428.4	1631.75	1631.67	1631.67	3780.14
233.2	4577.98	1626.47	3377.71	2565.11	1626.52	1626.47	1626.47	4316.4
233.15	5074.19	1620.38	3845.67	2717.74	1620.42	1620.38	1620.38	4943.06
233.1	5742.34	1613.11	4387.37	2885.09	1613.13	1613.11	1613.11	5659.38
233.05	6419.37	1604.62	4990.39	3065.67	1604.64	1604.62	1604.62	6451.46
233	7132.21	1594.87	5637.66	3257.74	1594.88	1594.87	1594.87	7300.55
232.95	7865.66	1583.8	6302.27	3459.18	1583.8	1583.8	1583.8	8177.66
232.9	8654.85	1571.31	6947.2	3665.9	1571.32	1571.31	1571.31	9041.79
232.85	9385.33	1557.52	7531.8	3873.51	1557.52	1557.52	1557.52	9847.79
232.8	10189.6	1542.28	8006.86	4077.02	1542.28	1542.28	1542.28	10541.6
232.75	10798.9	1525.94	8336.56	4270.62	1525.94	1525.94	1525.94	11081.2
232.7	11257.8	1508.76	8491.34	4448.04	1508.76	1508.76	1508.76	11430.6
232.65	11418.5	1491.27	8447.6	4604.16	1491.27	1491.27	1491.27	11560.5
232.6	11291.5	1473.97	8216.74	4733.78	1473.97	1473.97	1473.97	11476.5
232.55	11102.8	1456.97	7817.51	4830.18	1456.97	1456.97	1456.97	11190.7
232.5	10757.5	1440.56	7277.96	4889.19	1440.56	1440.56	1440.56	10726.6
232.45	10115.6	1425.24	6647.21	4909.78	1425.24	1425.24	1425.24	10131.8
232.4	9356.48	1411.24	5967.87	4890.77	1411.24	1411.24	1411.24	9447.4
232.35	8540.84	1398.66	5281.1	4830.73	1398.66	1398.66	1398.66	8713.18
232.3	7784.51	1387.38	4621.45	4731.7	1387.38	1387.38	1387.38	7965.76
232.25	7119.67	1377.26	4012.66	4598.51	1377.26	1377.26	1377.26	7233.91
232.2	6400.59	1368.4	3473.8	4435.7	1368.4	1368.4	1368.4	6541.1
232.15	5808.89	1360.56	3009.14	4247.56	1360.56	1360.56	1360.56	5896.14
232.1	5275.01	1353.65	2619.23	4040.52	1353.65	1353.65	1353.65	5306.1
232.05	4753.54	1347.65	2303.15	3821.63	1347.65	1347.65	1347.65	4777.13
232	4323.72	1342.39	2050.57	3596.48	1342.39	1342.39	1342.39	4304.66
231.95	3874.94	1337.92	1853.09	3370.62	1337.92	1337.92	1337.92	3885.79
231.9	3515.45	1334.08	1703.47	3149.25	1334.08	1334.08	1334.08	3518.63
231.85	3164.7	1330.85	1591.04	2936.26	1330.85	1330.85	1330.85	3196.45
231.8	2923.77	1328.04	1507.98	2734.53	1328.04	1328.04	1328.04	2914.48
231.75	2666.96	1325.67	1448.53	2546.89	1325.67	1325.67	1325.67	2669.75
231.7	2420.64	1323.74	1406.15	2375.3	1323.74	1323.74	1323.74	2457.71
231.65	2216.76	1322.16	1376.44	2219.76	1322.16	1322.16	1322.16	2274.04
231.6	2109.39	1320.77	1356.1	2080.33	1320.77	1320.77	1320.77	2115.66
231.55	1960.26	1319.64	1342.23	1957.28	1319.64	1319.65	1319.64	1979.86
231.5	1821.47	1318.76	1332.93	1850.27	1318.76	1318.76	1318.76	1864.44
231.45	1729.06	1318.03	1326.83	1757.47	1318.03	1318.04	1318.03	1766.27
231.4	1683.26	1317.39	1322.75	1677.72	1317.39	1317.39	1317.39	1683.09
231.35	1576.8	1316.93	1320.14	1610.22	1316.93	1316.93	1316.93	1613.43
231.3	1517.13	1316.58	1318.48	1553.87	1316.58	1316.58	1316.58	1555.77
231.25	1472.54	1316.3	1317.41	1506.75	1316.3	1316.31	1316.3	1507.86
231.2	1449.97	1316.07	1316.7	1467.7	1316.07	1316.07	1316.07	1468.33
231.15	1383.04	1315.95	1316.3	1435.81	1315.95	1315.95	1315.95	1436.17
231.1	1388.88	1315.83	1316.02	1410.09	1315.82	1315.83	1315.82	1410.29
231.05	1328.83	1315.81	1315.9	1389.34	1315.8	1315.8	1315.8	1389.47
231	1344.43	1315.77	1315.8	1372.66	1315.75	1315.76	1315.75	1372.75
230.95	1322.32	1315.79	1315.77	1359.47	1315.74	1315.75	1315.74	1359.57
230.9	1268.97	1315.78	1315.67	1349.11	1315.65	1315.67	1315.65	1349.27
230.85	1287.52	1315.87	1315.61	1341	1315.6	1315.62	1315.6	1341.29
230.8	1272.98	1316.07	1315.53	1334.64	1315.53	1315.55	1315.53	1335.21
230.75	1250.63	1316.5	1315.42	1329.69	1315.41	1315.45	1315.41	1330.81
230.7	1302.89	1317.51	1315.39	1326.02	1315.39	1315.43	1315.39	1328.18
230.65	1272.82	1319.37	1315.32	1323.17	1315.32	1315.37	1315.32	1327.27
230.6	1311.8	1322.9	1315.31	1321.06	1315.31	1315.38	1315.31	1328.71
230.55	1297.27	1329.12	1315.28	1319.45	1315.28	1315.36	1315.28	1333.38
230.5	1327.49	1339.93	1315.26	1318.28	1315.26	1315.36	1315.26	1343.06
230.45	1384.34	1358.06	1315.14	1317.31	1315.14	1315.27	1315.14	1360.36
230.4	1417.52	1388.17	1314.96	1316.5	1314.96	1315.12	1314.96	1389.89
230.35	1527.25	1436.61	1314.58	1315.67	1314.58	1314.79	1314.58	1437.91
230.3	1646.17	1512.51	1314	1314.77	1314	1314.26	1314	1513.55
230.25	1773.34	1628.5	1313.18	1313.72	1313.18	1313.51	1313.18	1629.36
230.2	1981.34	1801.01	1312	1312.38	1312	1312.41	1312	1801.78
230.15	2291.06	2052.42	1310.28	1310.53	1310.28	1310.78	1310.28	2053.18
230.1	2563.98	2407.08	1308.06	1308.24	1308.06	1308.68	1308.06	2407.87
230.05	3061.1	2891.89	1304.97	1305.09	1304.97	1305.73	1304.97	2892.77
230	3666.25	3534.05	1300.8	1300.88	1300.8	1301.73	1300.8	3535.06
229.95	4477.56	4356.11	1295.19	1295.25	1295.19	1296.34	1295.19	4357.31
229.9	5362.95	5373.72	1288.01	1288.05	1288.01	1289.41	1288.01	5375.15
229.85	6512.61	6575.99	1278.79	1278.81	1278.79	1280.5	1278.79	6577.72
229.8	7786.02	7928.47	1267.3	1267.32	1267.3	1269.38	1267.3	7930.56
229.75	9184.81	9364.39	1253.33	1253.34	1253.33	1255.85	1253.33	9366.92
229.7	10680.6	10783.5	1236.68	1236.69	1236.68	1239.74	1236.68	10786.5
229.65	12054.5	12054	1217.59	1217.59	1217.59	1221.28	1217.59	12057.6
229.6	13236.5	13040.4	1196.37	1196.37	1196.37	1200.82	1196.37	13044.9
229.55	13927.4	13623.6	1173.9	1173.9	1173.9	1179.24	1173.9	13629
229.5	14202.8	13726.4	1150.9	1150.9	1150.9	1157.3	1150.9	13732.8
229.45	13704.3	13332.3	1128.74	1128.74	1128.74	1136.39	1128.74	13339.9
229.4	12840.8	12484.4	1108.07	1108.07	1108.07	1117.18	1108.07	12493.5
229.35	11423.1	11296.4	1089.86	1089.86	1089.86	1100.7	1089.86	11307.2
229.3	9921.33	9900.27	1074.27	1074.27	1074.27	1087.12	1074.27	9913.12
229.25	8367.66	8430.4	1061.39	1061.39	1061.39	1076.59	1061.39	8445.6
229.2	6722.28	7002.59	1051.4	1051.4	1051.4	1069.33	1051.4	7020.51
229.15	5494.12	5703.22	1043.56	1043.56	1043.56	1064.65	1043.56	5724.31
229.1	4427.7	4579.87	1037.58	1037.58	1037.58	1062.35	1037.58	4604.64
229.05	3552.3	3651.05	1033.14	1033.14	1033.14	1062.17	1033.14	3680.08
229	2967.82	2912.56	1029.73	1029.73	1029.73	1063.65	1029.73	2946.48
228.95	2479.86	2346.64	1027.17	1027.17	1027.17	1066.7	1027.17	2386.18
228.9	2181.22	1928.15	1025.13	1025.13	1025.13	1071.09	1025.13	1974.11
228.85	1901.35	1626.52	1023.58	1023.58	1023.58	1076.86	1023.58	1679.79
228.8	1791.21	1415.08	1022.23	1022.23	1022.23	1083.82	1022.23	1476.67
228.75	1655.36	1270.91	1021.11	1021.11	1021.11	1092.13	1021.11	1341.92
228.7	1578.44	1175.32	1020.13	1020.13	1020.13	1101.79	1020.13	1256.98
228.65	1514.83	1113.67	1019.26	1019.26	1019.26	1112.91	1019.26	1207.32
228.6	1440.62	1074.61	1018.51	1018.51	1018.51	1125.62	1018.51	1181.72
228.55	1395.04	1050.39	1017.85	1017.85	1017.85	1140.02	1017.85	1172.56
228.5	1393.86	1035.6	1017.18	1017.18	1017.18	1156.16	1017.18	1174.58
228.45	1369.79	1026.76	1016.56	1016.56	1016.56	1174.22	1016.56	1184.42
228.4	1368.45	1021.47	1015.94	1015.94	1015.94	1194.3	1015.94	1199.84
228.35	1370.73	1018.25	1015.31	1015.31	1015.31	1216.57	1015.31	1219.51
228.3	1340.08	1016.26	1014.74	1014.74	1014.74	1241.3	1014.74	1242.82
228.25	1365.41	1014.88	1014.12	1014.12	1014.12	1268.42	1014.12	1269.19
228.2	1360.54	1013.89	1013.51	1013.51	1013.51	1298.12	1013.51	1298.5
228.15	1373.25	1013.06	1012.87	1012.87	1012.87	1330.47	1012.87	1330.65
228.1	1380.61	1012.31	1012.23	1012.23	1012.23	1365.57	1012.23	1365.66
228.05	1411.42	1011.56	1011.52	1011.52	1011.52	1403.47	1011.52	1403.51
228	1476.11	1010.72	1010.7	1010.7	1010.7	1444.14	1010.7	1444.16
227.95	1480.02	1009.88	1009.87	1009.87	1009.87	1487.73	1009.87	1487.74
227.9	1473.6	1009.06	1009.05	1009.05	1009.05	1534.24	1009.05	1534.25
227.85	1517.07	1008.16	1008.16	1008.16	1008.16	1583.54	1008.16	1583.54
227.8	1552.72	1007.2	1007.2	1007.2	1007.2	1635.55	1007.2	1635.55
227.75	1615.69	1006.12	1006.12	1006.12	1006.12	1690.09	1006.12	1690.09
227.7	1675.17	1004.94	1004.94	1004.94	1004.94	1746.97	1004.94	1746.97
227.65	1723.35	1003.67	1003.67	1003.67	1003.67	1805.99	1003.67	1805.99
227.6	1760.27	1002.34	1002.34	1002.34	1002.34	1866.86	1002.34	1866.86
227.55	1779.98	1000.96	1000.96	1000.96	1000.96	1929.34	1000.96	1929.34
227.5	1841.28	999.48	999.48	999.48	999.48	1992.81	999.48	1992.81
227.45	1910.6	997.872	997.872	997.872	997.872	2056.8	997.872	2056.8
227.4	2040.35	996.031	996.031	996.031	996.031	2120.67	996.031	2120.67
227.35	2056.63	994.159	994.159	994.159	994.159	2184.03	994.159	2184.03
227.3	2169.89	992.084	992.084	992.084	992.084	2246.09	992.084	2246.09
227.25	2183.72	989.98	989.98	989.98	989.98	2306.38	989.98	2306.38
227.2	2290.93	987.684	987.684	987.684	987.684	2364.05	987.684	2364.05
227.15	2371.45	985.241	985.241	985.241	985.241	2418.46	985.241	2418.46
227.1	2416.91	982.714	982.714	982.714	982.714	2468.97	982.714	2468.97
227.05	2556.02	979.937	979.937	979.937	979.937	2514.76	979.937	2514.76
227	2559.65	977.148	977.148	977.148	977.148	2555.42	977.148	2555.42
226.95	2597.89	974.287	974.287	974.287	974.287	2590.29	974.287	2590.29
226.9	2656.65	971.317	971.317	971.317	971.317	2618.81	971.317	2618.81
226.85	2715.9	968.238	968.238	968.238	968.238	2640.51	968.238	2640.51
226.8	2745.25	965.101	965.101	965.101	965.101	2654.84	965.101	2654.84
226.75	2769.47	961.916	961.916	961.916	961.916	2661.59	961.916	2661.59
226.7	2773.43	958.718	958.718	958.718	958.718	2660.82	958.718	2660.82
226.65	2799.62	955.468	955.468	955.468	955.468	2652.47	955.468	2652.47
226.6	2740.21	952.318	952.318	952.318	952.318	2636.76	952.318	2636.76
226.55	2732.23	949.176	949.176	949.176	949.176	2613.79	949.176	2613.79
226.5	2698.2	946.088	946.088	946.088	946.088	2583.91	946.088	2583.91
226.45	2624.35	943.126	943.126	943.126	943.126	2547.57	943.126	2547.57
226.4	2609.49	940.184	940.184	940.184	940.184	2505.15	940.184	2505.15
226.35	2487.6	937.453	937.453	937.453	937.453	2457.4	937.453	2457.4
226.3	2347.39	934.964	934.964	934.964	934.964	2404.94	934.964	2404.94
226.25	2331.96	932.498	932.498	932.498	932.498	2348.21	932.498	2348.21
226.2	2263.01	930.149	930.149	930.149	930.149	2287.99	930.149	2287.99
226.15	2219.57	927.873	927.873	927.873	927.873	2224.92	927.873	2224.92
226.1	2116.23	925.775	925.775	925.775	925.775	2159.8	925.775	2159.8
226.05	2000.95	923.877	923.877	923.877	923.877	2093.3	923.877	2093.3
226	1912.08	922.133	922.133	922.133	922.133	2026.05	922.133	2026.05
225.95	1879.75	920.442	920.442	920.442	920.442	1958.62	920.442	1958.62
225.9	1831.31	918.834	918.834	918.834	918.834	1891.59	918.834	1891.59
225.85	1756.99	917.355	917.355	917.355	917.355	1825.51	917.355	1825.51
225.8	1664.48	916.036	916.036	916.036	916.036	1760.87	916.036	1760.87
225.75	1651.42	914.738	914.738	914.738	914.738	1697.92	914.738	1697.92
225.7	1590.08	913.546	913.546	913.546	913.546	1637.09	913.546	1637.09
225.65	1514.84	912.484	912.484	912.484	912.484	1578.68	912.484	1578.68
225.6	1464.26	911.51	911.51	911.51	911.51	1522.87	911.51	1522.87
225.55	1441.76	910.574	910.574	910.574	910.574	1469.78	910.574	1469.78
225.5	1398.01	909.714	909.714	909.714	909.714	1419.58	909.714	1419.58
225.45	1351.75	908.933	908.933	908.933	908.933	1372.33	908.933	1372.33
225.4	1314.94	908.217	908.217	908.217	908.217	1328.07	908.217	1328.07
225.35	1275.84	907.568	907.568	907.568	907.568	1286.79	907.568	1286.79
225.3	1246.18	906.97	906.97	906.97	906.97	1248.45	906.97	1248.45
225.25	1207.67	906.439	906.439	906.439	906.439	1213.14	906.439	1213.14
225.2	1227.57	905.872	905.872	905.872	905.872	1180.56	905.872	1180.56
225.15	1181.83	905.385	905.385	905.385	905.385	1150.69	905.385	1150.69
225.1	1143.03	904.966	904.966	904.966	904.966	1123.41	904.966	1123.41
225.05	1125.27	904.577	904.577	904.577	904.577	1098.55	904.577	1098.55
225	1111.94	904.211	904.211	904.211	904.211	1075.97	904.211	1075.97
224.95	1068.8	903.92	903.92	903.92	903.92	1055.58	903.92	1055.58
224.9	1056.31	903.651	903.651	903.651	903.651	1037.2	903.651	1037.2
224.85	1059.52	903.376	903.376	903.376	903.376	1020.65	903.376	1020.65
224.8	1026.31	903.159	903.159	903.159	903.159	1005.86	903.159	1005.86
224.75	1010.93	902.969	902.969	902.969	902.969	992.662	902.969	992.662
224.7	1023.42	902.756	902.756	902.756	902.756	980.874	902.756	980.874
224.65	1011.32	902.565	902.565	902.565	902.565	970.416	902.565	970.416
224.6	973.875	902.439	902.439	902.439	902.439	961.213	902.439	961.213
224.55	943.342	902.366	902.366	902.366	902.366	953.139	902.366	953.139
224.5	965.707	902.255	902.255	902.255	902.255	946.021	902.255	946.021
224.45	964.93	902.144	902.144	902.144	902.144	939.792	902.144	939.792
224.4	947.086	902.065	902.065	902.065	902.065	934.365	902.065	934.365
224.35	902.065	902.065	902.065	902.065	902.065	929.705	902.065	929.705
224.3	902.852	902.852	902.852	902.852	902.852	926.442	902.852	926.442
224.25	913.554	913.554	913.554	913.554	913.554	933.635	913.554	933.635
224.2	907.102	907.102	907.102	907.102	907.102	924.151	907.102	924.151
224.15	891.843	891.843	891.843	891.843	891.843	906.278	891.843	906.278
224.1	854.877	854.877	854.877	854.877	854.877	867.069	854.877	867.069
224.05	910.036	910.036	910.036	910.036	910.036	920.305	910.036	920.305
224	881.17	881.17	881.17	881.17	881.17	889.796	881.17	889.796
223.95	873.29	873.29	873.29	873.29	873.29	880.517	873.29	880.517
223.9	853.822	853.822	853.822	853.822	853.822	859.861	853.822	859.861
223.85	858.768	858.768	858.768	858.768	858.768	863.801	858.768	863.801
223.8	827.566	827.566	827.566	827.566	827.566	831.748	827.566	831.748
223.75	838.67	838.67	838.67	838.67	838.67	842.138	838.67	842.138
223.7	834.286	834.286	834.286	834.286	834.286	837.158	834.286	837.158
223.65	830.101	830.101	830.101	830.101	830.101	832.473	830.101	832.473
223.6	821.094	821.094	821.094	821.094	821.094	823.048	821.094	823.048
223.55	830.784	830.784	830.784	830.784	830.784	832.39	830.784	832.39
223.5	821.281	821.281	821.281	821.281	821.281	822.596	821.281	822.596
223.45	825.377	825.377	825.377	825.377	825.377	826.453	825.377	826.453
223.4	833.309	833.309	833.309	833.309	833.309	834.186	833.309	834.186
223.35	810.689	810.689	810.689	810.689	810.689	811.402	810.689	811.402
223.3	811.091	811.091	811.091	811.091	811.091	811.669	811.091	811.669
223.25	808.154	808.154	808.154	808.154	808.154	808.621	808.154	808.621
223.2	778.667	778.667	778.667	778.667	778.667	779.044	778.667	779.044
223.15	805.564	805.564	805.564	805.564	805.564	805.867	805.564	805.867
223.1	812.453	812.453	812.453	812.453	812.453	812.696	812.453	812.696
223.05	772.698	772.698	772.698	772.698	772.698	772.893	772.698	772.893
223	778.118	778.118	778.118	778.118	778.118	778.273	778.118	778.273
222.95	758.546	758.546	758.546	758.546	758.546	758.67	758.546	758.67
222.9	763.839	763.839	763.839	763.839	763.839	763.937	763.839	763.937
222.85	768.285	768.285	768.285	768.285	768.285	768.363	768.285	768.363
222.8	765.243	765.243	765.243	765.243	765.243	765.305	765.243	765.305
222.75	783.551	783.551	783.551	783.551	783.551	783.6	783.551	783.6
222.7	782.496	782.496	782.496	782.496	782.496	782.534	782.496	782.534
222.65	780.729	780.729	780.729	780.729	780.729	780.759	780.729	780.759
222.6	754.103	754.103	754.103	754.103	754.103	754.127	754.103	754.127
222.55	765.671	765.671	765.671	765.671	765.671	765.69	765.671	765.69
222.5	788.703	788.703	788.703	788.703	788.703	788.717	788.703	788.717
222.45	762.47	762.47	762.47	762.47	762.47	762.481	762.47	762.481
222.4	762.734	762.734	762.734	762.734	762.734	762.743	762.734	762.743
222.35	761.336	761.336	761.336	761.336	761.336	761.343	761.336	761.343
222.3	775.227	775.227	775.227	775.227	775.227	775.232	775.227	775.232
222.25	764.845	764.845	764.845	764.845	764.845	764.849	764.845	764.849
222.2	766.645	766.645	766.645	766.645	766.645	766.648	766.645	766.648
222.15	766.034	766.034	766.034	766.034	766.034	766.036	766.034	766.036
222.1	759.072	759.072	759.072	759.072	759.072	759.074	759.072	759.074
222.05	778.546	778.546	778.546	778.546	778.546	778.548	778.546	778.548
222	748.84	748.84	748.84	748.84	748.84	748.841	748.84	748.841
221.95	741.29	741.29	741.29	741.29	741.29	741.291	741.29	741.291
221.9	751.457	751.457	751.457	751.457	751.457	751.458	751.457	751.458
221.85	775.658	775.658	775.658	775.658	775.658	775.659	775.658	775.659
221.8	749.99	749.99	749.99	749.99	749.99	749.991	749.99	749.991
221.75	748.491	748.491	748.491	748.491	748.491	748.491	748.491	748.491
221.7	755.475	755.475	755.475	755.475	755.475	755.476	755.475	755.476
221.65	742.708	742.708	742.708	742.708	742.708	742.708	742.708	742.708
221.6	755.302	755.302	755.302	755.302	755.302	755.302	755.302	755.302
221.55	737.06	737.06	737.06	737.06	737.06	737.06	737.06	737.06
221.5	730.67	730.67	730.67	730.67	730.67	730.67	730.67	730.67
221.45	734.208	734.208	734.208	734.208	734.208	734.208	734.208	734.208
221.4	737.106	737.106	737.106	737.106	737.106	737.106	737.106	737.106
221.35	745.769	745.769	745.769	745.769	745.769	745.769	745.769	745.769
221.3	740.287	740.287	740.287	740.287	740.287	740.288	740.287	740.288
221.25	712.79	712.79	712.79	712.79	712.79	712.79	712.79	712.79
221.2	731.388	731.388	731.388	731.388	731.388	731.388	731.388	731.388
221.15	743.933	743.933	743.933	743.933	743.933	743.933	743.933	743.933
221.1	715.381	715.381	715.381	715.381	715.381	715.381	715.381	715.381
221.05	734.891	734.891	734.891	734.891	734.891	734.891	734.891	734.891
221	762.003	762.003	762.003	762.003	762.003	762.003	762.003	762.003
220.95	751.63	751.63	751.63	751.63	751.63	751.63	751.63	751.63
220.9	739.383	739.383	739.383	739.383	739.383	739.383	739.383	739.383
220.85	730.99	730.99	730.99	730.99	730.99	730.99	730.99	730.99
220.8	730.862	730.862	730.862	730.862	730.862	730.862	730.862	730.862
220.75	742.979	742.979	742.979	742.979	742.979	742.979	742.979	742.979
220.7	706.07	706.07	706.07	706.07	706.07	706.07	706.07	706.07
220.65	738.141	738.141	738.141	738.141	738.141	738.141	738.141	738.141
220.6	742.199	742.199	742.199	742.199	742.199	742.199	742.199	742.199
220.55	727.811	727.811	727.811	727.811	727.811	727.811	727.811	727.811
220.5	718.255	718.255	718.255	718.255	718.255	718.255	718.255	718.255
220.45	776.351	776.351	776.351	776.351	776.351	776.351	776.351	776.351
220.4	758.063	758.063	758.063	758.063	758.063	758.063	758.063	758.063
220.35	723.411	723.411	723.411	723.411	723.411	723.411	723.411	723.411
220.3	738.19	738.19	738.19	738.19	738.19	738.19	738.19	738.19
220.25	719.922	719.922	719.922	719.922	719.922	719.922	719.922	719.922
220.2	699.059	699.059	699.059	699.059	699.059	699.059	699.059	699.059
220.15	745.054	745.054	745.054	745.054	745.054	745.054	745.054	745.054
220.1	721.496	721.496	721.496	721.496	721.496	721.496	721.496	721.496
220.05	745.149	745.149	745.149	745.149	745.149	745.149	745.149	745.149
220	745.982	745.982	745.982	745.982	745.982	745.982	745.982	745.982
219.95	716.687	716.687	716.687	716.687	716.687	716.687	716.687	716.687
219.9	759.131	759.131	759.131	759.131	759.131	759.131	759.131	759.131
219.85	742.623	742.623	742.623	742.623	742.623	742.623	742.623	742.623
219.8	700.415	700.415	700.415	700.415	700.415	700.415	700.415	700.415
219.75	718.255	718.255	718.255	718.255	718.255	718.255	718.255	718.255
219.7	731.039	731.039	731.039	731.039	731.039	731.039	731.039	731.039
219.65	719.017	719.017	719.017	719.017	719.017	719.017	719.017	719.017
219.6	711.313	711.313	711.313	711.313	711.313	711.313	711.313	711.313
219.55	721.614	721.614	721.614	721.614	721.614	721.614	721.614	721.614
219.5	730.804	730.804	730.804	730.804	730.804	730.804	730.804	730.804
219.45	745.724	745.724	745.724	745.724	745.724	745.724	745.724	745.724
219.4	738.523	738.523	738.523	738.523	738.523	738.523	738.523	738.523
219.35	727.886	727.886	727.886	727.886	727.886	727.886	727.886	727.886
219.3	729.673	729.673	729.673	729.673	729.673	729.673	729.673	729.673
219.25	715.645	715.645	715.645	715.645	715.645	715.645	715.645	715.645
219.2	731.006	731.006	731.006	731.006	731.006	731.006	731.006	731.006
219.15	742.215	742.215	742.215	742.215	742.215	742.215	742.215	742.215
219.1	734.995	734.995	734.995	734.995	734.995	734.995	734.995	734.995
219.05	727.988	727.988	727.988	727.988	727.988	727.988	727.988	727.988
219	724.734	724.734	724.734	724.734	724.734	724.734	724.734	724.734
218.95	735.263	735.263	735.263	735.263	735.263	735.263	735.263	735.263
218.9	729.585	729.585	729.585	729.585	729.585	729.585	729.585	729.585
218.85	718.625	718.625	718.625	718.625	718.625	718.625	718.625	718.625
218.8	741.473	741.473	741.473	741.473	741.473	741.473	741.473	741.473
218.75	724.855	724.855	724.855	724.855	724.855	724.855	724.855	724.855
218.7	743.463	743.463	743.463	743.463	743.463	743.463	743.463	743.463
218.65	714.048	714.048	714.048	714.048	714.048	714.048	714.048	714.048
218.6	728.716	728.716	728.716	728.716	728.716	728.716	728.716	728.716
218.55	720.549	720.549	720.549	720.549	720.549	720.549	720.549	720.549
218.5	735.417	735.417	735.417	735.417	735.417	735.417	735.417	735.417
218.45	755.328	755.328	755.328	755.328	755.328	755.328	755.328	755.328
218.4	725.583	725.583	725.583	725.583	725.583	725.583	725.583	725.583
218.35	706.802	706.802	706.802	706.802	706.802	706.802	706.802	706.802
218.3	731.454	731.454	731.454	731.454	731.454	731.454	731.454	731.454
218.25	710.317	710.317	710.317	710.317	710.317	710.317	710.317	710.317
218.2	748.484	748.484	748.484	748.484	748.484	748.484	748.484	748.484
218.15	733.773	733.773	733.773	733.773	733.773	733.773	733.773	733.773
218.1	743.205	743.205	743.205	743.205	743.205	743.205	743.205	743.205
218.05	718.576	718.576	718.576	718.576	718.576	718.576	718.576	718.576
218	737.057	737.057	737.057	737.057	737.057	737.057	737.057	737.057
