178	598.445	598.445	598.445	598.445	598.445
177.95	594.775	598.436	598.436	598.436	598.436
177.9	594.128	598.425	598.425	598.425	598.425
177.85	575.06	598.366	598.366	598.366	598.366
177.8	579.899	598.319	598.319	598.319	598.319
177.75	562.704	598.229	598.229	598.229	598.229
177.7	573.09	598.165	598.165	598.165	598.165
177.65	598.127	598.165	598.165	598.165	598.165
177.6	567.735	598.087	598.087	598.087	598.087
177.55	561.54	597.995	597.995	597.995	597.995
177.5	548.049	597.868	597.868	597.868	597.868
177.45	540.039	597.721	597.721	597.721	597.721
177.4	566.528	597.642	597.642	597.642	597.642
177.35	568.3	597.568	597.568	597.568	597.568
177.3	567.851	597.492	597.492	597.492	597.492
177.25	564.476	597.409	597.409	597.409	597.409
177.2	585.254	597.378	597.378	597.378	597.378
177.15	566.683	597.3	597.3	597.3	597.3
177.1	548.914	597.177	597.177	597.177	597.177
177.05	540.584	597.034	597.034	597.034	597.034
177	564.07	596.95	596.95	596.95	596.95
176.95	575.722	596.896	596.896	596.896	596.896
176.9	547.064	596.77	596.77	596.77	596.77
176.85	567.021	596.694	596.694	596.694	596.694
176.8	560.879	596.604	596.604	596.604	596.604
176.75	566.586	596.527	596.527	596.527	596.527
176.7	551.564	596.413	596.413	596.413	596.413
176.65	542.651	596.277	596.277	596.277	596.277
176.6	539.648	596.133	596.133	596.133	596.133
176.55	522.086	595.946	595.946	595.946	595.946
176.5	553.723	595.838	595.838	595.838	595.838
176.45	558.469	595.744	595.744	595.744	595.744
176.4	530.985	595.579	595.579	595.579	595.579
176.35	533.67	595.422	595.422	595.422	595.422
176.3	552.921	595.315	595.315	595.315	595.315
176.25	558.281	595.221	595.221	595.221	595.221
176.2	544.544	595.092	595.092	595.092	595.092
176.15	549.715	594.977	594.977	594.977	594.977
176.1	539.295	594.836	594.836	594.836	594.836
176.05	542.327	594.703	594.703	594.703	594.703
176	546.461	594.58	594.58	594.58	594.58
175.95	563.201	594.501	594.501	594.501	594.501
175.9	547.214	594.381	594.381	594.381	594.381
175.85	563.419	594.302	594.302	594.302	594.302
175.8	546.982	594.182	594.182	594.182	594.182
175.75	543.327	594.053	594.053	594.053	594.053
175.7	542.622	593.923	593.923	593.923	593.923
175.65	522.361	593.741	593.741	593.741	593.741
175.6	507.199	593.522	593.522	593.522	593.522
175.55	533.472	593.369	593.369	593.369	593.369
175.5	532.163	593.214	593.214	593.214	593.214
175.45	547.972	593.099	593.099	593.099	593.099
175.4	541.753	592.969	592.969	592.969	592.969
175.35	533.81	592.819	592.819	592.819	592.819
175.3	542.178	592.69	592.69	592.69	592.69
175.25	548.069	592.577	592.577	592.577	592.577
175.2	544.037	592.454	592.454	592.454	592.454
175.15	540.927	592.323	592.323	592.323	592.323
175.1	561.574	592.245	592.245	592.245	592.245
175.05	546.63	592.13	592.13	592.13	592.13
175	545.379	592.011	592.011	592.011	592.011
174.95	528.503	591.85	591.85	591.85	591.85
174.9	570.7	591.796	591.796	591.796	591.796
174.85	541.632	591.669	591.669	591.669	591.669
174.8	515.524	591.476	591.476	591.476	591.476
174.75	537.986	591.34	591.34	591.34	591.34
174.7	565.278	591.274	591.274	591.274	591.274
174.65	562.385	591.201	591.201	591.201	591.201
174.6	539.739	591.07	591.07	591.07	591.07
174.55	545.403	590.955	590.955	590.955	590.955
174.5	552.844	590.858	590.858	590.858	590.858
174.45	555.645	590.769	590.769	590.769	590.769
174.4	534.848	590.627	590.627	590.627	590.627
174.35	530.198	590.473	590.473	590.473	590.473
174.3	513.288	590.278	590.278	590.278	590.278
174.25	540.995	590.153	590.153	590.153	590.153
174.2	559.102	590.074	590.074	590.074	590.074
174.15	569.459	590.022	590.022	590.022	590.022
174.1	538.841	589.892	589.892	589.892	589.892
174.05	555.176	589.804	589.804	589.804	589.804
174	556.475	589.719	589.719	589.719	589.719
173.95	542.327	589.599	589.599	589.599	589.599
173.9	550.246	589.499	589.499	589.499	589.499
173.85	579.73	589.474	589.474	589.474	589.474
173.8	571.83	589.43	589.43	589.43	589.43
173.75	581.318	589.409	589.409	589.409	589.409
173.7	576.446	589.376	589.376	589.376	589.376
173.65	563.549	589.311	589.311	589.311	589.311
173.6	568.59	589.258	589.258	589.258	589.258
173.55	567.648	589.203	589.203	589.203	589.203
173.5	557.871	589.124	589.124	589.124	589.124
173.45	563.076	589.058	589.058	589.058	589.058
173.4	549.739	588.958	588.958	588.958	588.958
173.35	562.545	588.891	588.891	588.891	588.891
173.3	571.772	588.848	588.848	588.848	588.848
173.25	588.334	588.846	588.846	588.846	588.846
173.2	569.083	588.796	588.796	588.796	588.796
173.15	570.526	588.75	588.75	588.75	588.75
173.1	561.149	588.68	588.68	588.68	588.68
173.05	581.936	588.663	588.663	588.663	588.663
173	564.858	588.602	588.602	588.602	588.602
172.95	581.024	588.583	588.583	588.583	588.583
172.9	592.801	588.572	588.572	588.572	588.572
172.85	563.568	588.509	588.509	588.509	588.509
172.8	564.317	588.448	588.448	588.448	588.448
172.75	581.627	588.43	588.43	588.43	588.43
172.7	594.351	588.415	588.415	588.415	588.415
172.65	579.474	588.393	588.393	588.393	588.393
172.6	573.448	588.355	588.355	588.355	588.355
172.55	586.794	588.351	588.351	588.351	588.351
172.5	607.282	588.302	588.302	588.302	588.302
172.45	589.874	588.298	588.298	588.298	588.298
172.4	569.527	588.251	588.251	588.251	588.251
172.35	590.531	588.245	588.245	588.245	588.245
172.3	592.245	588.235	588.235	588.235	588.235
172.25	615.838	588.164	588.164	588.164	588.164
172.2	590.159	588.159	588.159	588.159	588.159
172.15	631.584	588.049	588.049	588.049	588.049
172.1	621.207	587.964	587.964	587.964	587.964
172.05	613.032	587.9	587.9	587.9	587.9
172	583.003	587.888	587.888	587.888	587.888
171.95	579.85	587.867	587.867	587.867	587.867
171.9	563.757	587.806	587.806	587.806	587.806
171.85	606.007	587.76	587.76	587.76	587.76
171.8	597.552	587.735	587.735	587.735	587.735
171.75	600.019	587.703	587.703	587.703	587.703
171.7	607.76	587.652	587.652	587.652	587.652
171.65	576.2	587.623	587.623	587.623	587.623
171.6	567.069	587.571	587.571	587.571	587.571
171.55	571.188	587.53	587.53	587.53	587.53
171.5	577.219	587.503	587.503	587.503	587.503
171.45	569.063	587.457	587.457	587.457	587.457
171.4	569.768	587.412	587.412	587.412	587.412
171.35	604.954	587.367	587.367	587.367	587.367
171.3	580.169	587.349	587.349	587.349	587.349
171.25	602.047	587.311	587.311	587.311	587.311
171.2	638.069	587.182	587.182	587.182	587.182
171.15	597.914	587.155	587.155	587.155	587.155
171.1	597.595	587.128	587.128	587.128	587.128
171.05	571.97	587.09	587.09	587.09	587.09
171	570.352	587.047	587.047	587.047	587.047
170.95	552.086	586.958	586.958	586.958	586.958
170.9	608.817	586.903	586.903	586.903	586.903
170.85	599.116	586.872	586.872	586.872	586.872
170.8	597.455	586.845	586.845	586.845	586.845
170.75	595.447	586.823	586.823	586.823	586.823
170.7	595.176	586.801	586.801	586.801	586.801
170.65	577.47	586.778	586.778	586.778	586.778
170.6	595.838	586.755	586.755	586.755	586.755
170.55	557.354	586.68	586.68	586.68	586.68
170.5	569.619	586.637	586.637	586.637	586.637
170.45	577.364	586.613	586.613	586.613	586.613
170.4	587.422	586.611	586.611	586.611	586.611
170.35	576.548	586.586	586.586	586.586	586.586
170.3	584.283	586.58	586.58	586.58	586.58
170.25	581.371	586.567	586.567	586.567	586.567
170.2	549.705	586.473	586.473	586.473	586.473
170.15	545.567	586.369	586.369	586.369	586.369
170.1	536.886	586.244	586.244	586.244	586.244
170.05	519.488	586.074	586.074	586.074	586.074
170	542.728	585.964	585.964	585.964	585.964
169.95	557.653	585.893	585.893	585.893	585.893
169.9	563.554	585.836	585.836	585.836	585.836
169.85	564.626	585.782	585.782	585.782	585.782
169.8	561.342	585.72	585.72	585.72	585.72
169.75	545.62	585.619	585.619	585.619	585.619
169.7	561.994	585.559	585.559	585.559	585.559
169.65	554.346	585.479	585.479	585.479	585.479
169.6	548.498	585.386	585.386	585.386	585.386
169.55	576.268	585.363	585.363	585.363	585.363
169.5	555.345	585.286	585.286	585.286	585.286
169.45	581.555	585.277	585.277	585.277	585.277
169.4	589.387	585.266	585.266	585.266	585.266
169.35	566.61	585.219	585.219	585.219	585.219
169.3	583.626	585.215	585.215	585.215	585.215
169.25	621.758	585.122	585.122	585.122	585.122
169.2	595.027	585.097	585.097	585.097	585.097
169.15	581.772	585.088	585.088	585.088	585.088
169.1	579.85	585.075	585.075	585.075	585.075
169.05	595.2	585.049	585.049	585.049	585.049
169	589.619	585.037	585.037	585.037	585.037
168.95	576.127	585.015	585.015	585.015	585.015
168.9	580.068	585.002	585.002	585.002	585.002
168.85	589.116	584.992	584.992	584.992	584.992
168.8	562.916	584.936	584.936	584.936	584.936
168.75	583.366	584.932	584.932	584.932	584.932
168.7	586.543	584.928	584.928	584.928	584.928
168.65	561.473	584.868	584.868	584.868	584.868
168.6	578.223	584.851	584.851	584.851	584.851
168.55	614.563	584.776	584.776	584.776	584.776
168.5	603.795	584.727	584.727	584.727	584.727
168.45	615.36	584.649	584.649	584.649	584.649
168.4	629.363	584.535	584.535	584.535	584.535
168.35	627.856	584.425	584.425	584.425	584.425
168.3	621.589	584.33	584.33	584.33	584.33
168.25	625.167	584.226	584.226	584.226	584.226
168.2	630.932	584.107	584.107	584.107	584.107
168.15	624.307	584.004	584.004	584.004	584.004
168.1	630.048	583.887	583.887	583.887	583.887
168.05	643.24	583.735	583.735	583.735	583.735
168	639.672	583.593	583.593	583.593	583.593
167.95	628.44	583.478	583.478	583.478	583.478
167.9	595.587	583.448	583.448	583.448	583.448
167.85	619.701	583.355	583.355	583.355	583.355
167.8	618.687	583.265	583.265	583.265	583.265
167.75	629.097	583.148	583.148	583.148	583.148
167.7	631.579	583.025	583.025	583.025	583.025
167.65	611.342	582.953	582.953	582.953	582.953
167.6	597.166	582.916	582.916	582.916	582.916
167.55	616.842	582.83	582.83	582.83	582.83
167.5	602.549	582.78	582.78	582.78	582.78
167.45	586.697	582.77	582.77	582.77	582.77
167.4	581.275	582.766	582.766	582.766	582.766
167.35	584.727	582.761	582.761	582.761	582.761
167.3	590.169	582.742	582.742	582.742	582.742
167.25	562.163	582.69	582.69	582.69	582.69
167.2	578.947	582.68	582.68	582.68	582.68
167.15	575.847	582.663	582.663	582.663	582.663
167.1	580.859	582.658	582.658	582.658	582.658
167.05	582.014	582.657	582.657	582.657	582.657
167	574.08	582.635	582.635	582.635	582.635
166.95	577.388	582.622	582.622	582.622	582.622
166.9	571.048	582.592	582.592	582.592	582.592
166.85	563.617	582.544	582.544	582.544	582.544
166.8	565.934	582.502	582.502	582.502	582.502
166.75	582.743	582.501	582.501	582.501	582.501
166.7	552.67	582.426	582.426	582.426	582.426
166.65	554.843	582.356	582.356	582.356	582.356
166.6	538.31	582.244	582.244	582.244	582.244
166.55	559.952	582.188	582.188	582.188	582.188
166.5	573.225	582.165	582.165	582.165	582.165
166.45	565.683	582.123	582.123	582.123	582.123
166.4	552.071	582.047	582.047	582.047	582.047
166.35	520.024	581.889	581.889	581.889	581.889
166.3	525.625	581.747	581.747	581.747	581.747
166.25	536.963	581.633	581.633	581.633	581.633
166.2	532.047	581.507	581.507	581.507	581.507
166.15	563.718	581.462	581.462	581.462	581.462
166.1	537.721	581.351	581.351	581.351	581.351
166.05	539.136	581.244	581.244	581.244	581.244
166	518.696	581.086	581.086	581.086	581.086
165.95	537.953	580.976	580.976	580.976	580.976
165.9	554.138	580.908	580.908	580.908	580.908
165.85	537.064	580.797	580.797	580.797	580.797
165.8	527.808	580.663	580.663	580.663	580.663
165.75	545.891	580.574	580.574	580.574	580.574
165.7	535.698	580.461	580.461	580.461	580.461
165.65	535.133	580.346	580.346	580.346	580.346
165.6	560.333	580.295	580.295	580.295	580.295
165.55	562.627	580.25	580.25	580.25	580.25
165.5	563.061	580.206	580.206	580.206	580.206
165.45	547.257	580.123	580.123	580.123	580.123
165.4	533.708	580.005	580.005	580.005	580.005
165.35	537.706	579.898	579.898	579.898	579.898
165.3	531.26	579.774	579.775	579.774	579.775
165.25	528.001	579.643	579.643	579.643	579.643
165.2	545.809	579.557	579.558	579.557	579.558
165.15	494.809	579.342	579.344	579.342	579.344
165.1	513.959	579.177	579.179	579.177	579.179
165.05	501.516	578.98	578.984	578.98	578.984
165	476.507	578.72	578.728	578.72	578.728
164.95	461.288	578.422	578.436	578.422	578.436
164.9	469.308	578.145	578.171	578.145	578.171
164.85	475.395	577.884	577.931	577.884	577.931
164.8	464.517	577.597	577.679	577.597	577.679
164.75	466.935	577.316	577.457	577.316	577.457
164.7	476.862	577.061	577.301	577.061	577.301
164.65	508.59	576.888	577.29	576.888	577.29
164.6	520.835	576.746	577.41	576.746	577.41
164.55	493.028	576.533	577.617	576.533	577.617
164.5	517.837	576.384	578.125	576.384	578.125
164.45	511.144	576.219	578.981	576.219	578.981
164.4	540.633	576.129	580.444	576.129	580.444
164.35	551.777	576.067	582.725	576.067	582.725
164.3	531.246	575.953	586.07	575.953	586.07
164.25	531.449	575.84	591.018	575.84	591.018
164.2	528.093	575.719	598.145	575.719	598.145
164.15	531.738	575.608	608.318	575.608	608.318
164.1	554.394	575.554	622.544	575.554	622.544
164.05	544.365	575.475	642.094	575.475	642.095
164	538.044	575.381	668.389	575.38	668.39
163.95	583.158	575.361	703.462	575.36	703.463
163.9	646.345	575.182	748.882	575.179	748.885
163.85	680.106	574.917	807.131	574.912	807.137
163.8	742.289	574.495	879.997	574.485	880.007
163.75	867.837	573.756	969.669	573.737	969.688
163.7	1004.36	572.674	1077.24	572.639	1077.27
163.65	1125.84	571.292	1203.96	571.229	1204.03
163.6	1275.64	569.548	1348.88	569.433	1348.99
163.55	1474.93	567.327	1510.36	567.124	1510.56
163.5	1656.12	564.702	1684.18	564.348	1684.54
163.45	1858.19	561.657	1864.64	561.049	1865.25
163.4	2056.69	558.264	2043.62	557.236	2044.64
163.35	2228.68	554.691	2211.38	552.975	2213.1
163.3	2321	551.279	2357.93	548.467	2360.74
163.25	2442.64	548.203	2472.03	543.638	2476.6
163.2	2457.91	546.017	2545.98	538.757	2553.24
163.15	2526.51	545.125	2572.12	533.69	2583.55
163.1	2488.56	546.395	2549.54	528.706	2567.23
163.05	2433.29	550.835	2478.28	523.85	2505.26
163	2347.82	559.787	2365.19	519.2	2405.77
162.95	2202.39	574.91	2217.51	514.909	2277.51
162.9	2110.62	598.526	2046.27	510.84	2133.96
162.85	1930.02	633.023	1861.72	507.222	1987.52
162.8	1787.59	682.259	1674.12	503.958	1852.42
162.75	1661.84	749.415	1491.92	501.006	1740.32
162.7	1536.58	839.276	1321.41	498.366	1662.33
162.65	1542.19	956.345	1167.15	495.704	1627.79
162.6	1569.97	1104.76	1030.93	492.966	1642.72
162.55	1617.21	1290.47	914.181	490.099	1714.56
162.5	1811.05	1514.65	815.36	486.732	1843.28
162.45	2024.19	1781.3	733.724	482.812	2032.21
162.4	2359.18	2087.38	666.451	478.028	2275.8
162.35	2721.49	2429.41	611.881	472.308	2568.98
162.3	3011.52	2798.52	567.542	465.835	2900.23
162.25	3361.78	3180.87	531.626	458.451	3254.04
162.2	3746.75	3557.9	501.856	450.068	3609.69
162.15	4020.83	3908.79	477.179	440.964	3945.01
162.1	4225.37	4207.75	456.222	431.316	4232.66
162.05	4485.03	4433.97	437.917	420.981	4450.91
162	4516.75	4567.43	421.86	410.539	4578.76
161.95	4568.27	4595.78	407.426	399.939	4603.27
161.9	4477.45	4518.03	394.409	389.543	4522.9
161.85	4303.99	4336.19	382.694	379.564	4339.32
161.8	4069.28	4069.68	372.134	370.157	4071.65
161.75	3803.08	3734.79	362.642	361.405	3736.03
161.7	3436.2	3358.32	354.325	353.565	3359.08
161.65	3028.93	2962.65	347.207	346.745	2963.12
161.6	2602.68	2569.5	341.269	340.993	2569.78
161.55	2245.71	2195.2	336.301	336.137	2195.36
161.5	1923.93	1853.2	332.184	332.089	1853.29
161.45	1566.09	1549.29	328.998	328.943	1549.34
161.4	1321.03	1288.72	326.444	326.414	1288.75
161.35	1091.81	1069.58	324.48	324.462	1069.59
161.3	909.382	890.383	322.98	322.971	890.393
161.25	795.451	746.904	321.772	321.766	746.909
161.2	680.212	633.941	320.855	320.853	633.943
161.15	598.629	547.579	320.146	320.144	547.58
161.1	491.608	481.962	319.708	319.707	481.963
161.05	454.92	433.686	319.363	319.363	433.686
161	425.998	398.268	319.091	319.091	398.269
160.95	396.347	372.956	318.894	318.894	372.956
160.9	381.6	355.115	318.734	318.734	355.115
160.85	380.937	342.64	318.575	318.575	342.64
160.8	382.207	334.159	318.413	318.413	334.159
160.75	347.286	328.442	318.339	318.339	328.442
160.7	344.214	324.693	318.273	318.273	324.693
160.65	357.985	322.177	318.172	318.172	322.177
160.6	330.756	320.605	318.14	318.14	320.605
160.55	344.759	319.568	318.072	318.072	319.568
160.5	327.963	318.938	318.047	318.047	318.938
160.45	324.09	318.558	318.032	318.032	318.558
160.4	333.139	318.297	317.993	317.993	318.297
160.35	321.48	318.159	317.984	317.984	318.159
160.3	328.232	318.056	317.958	317.958	318.056
160.25	345.911	317.941	317.887	317.887	317.941
160.2	320.14	317.911	317.881	317.881	317.911
160.15	306.061	317.867	317.851	317.851	317.867
160.1	333.71	317.819	317.811	317.811	317.819
160.05	306.844	317.787	317.783	317.783	317.787
160	317.094	317.783	317.781	317.781	317.783
159.95	293.057	317.72	317.718	317.718	317.72
159.9	305.705	317.688	317.688	317.688	317.688
159.85	311.597	317.673	317.672	317.672	317.673
159.8	312.734	317.66	317.66	317.66	317.66
159.75	312.287	317.646	317.646	317.646	317.646
159.7	298.871	317.599	317.599	317.599	317.599
159.65	296.776	317.546	317.546	317.546	317.546
159.6	293.149	317.484	317.484	317.484	317.484
159.55	301.824	317.444	317.444	317.444	317.444
159.5	293.033	317.382	317.382	317.382	317.382
159.45	292.298	317.319	317.319	317.319	317.319
159.4	322.551	317.305	317.305	317.305	317.305
159.35	293.311	317.245	317.245	317.245	317.245
159.3	313.323	317.235	317.235	317.235	317.235
159.25	305.943	317.206	317.206	317.206	317.206
159.2	301.232	317.165	317.165	317.165	317.165
159.15	290.563	317.098	317.098	317.098	317.098
159.1	302.047	317.06	317.06	317.06	317.06
159.05	317.918	317.058	317.058	317.058	317.058
159	295.553	317.003	317.003	317.003	317.003
158.95	305.982	316.975	316.975	316.975	316.975
158.9	281.271	316.884	316.884	316.884	316.884
158.85	290.376	316.817	316.817	316.817	316.817
158.8	302.447	316.781	316.781	316.781	316.781
158.75	299.542	316.737	316.737	316.737	316.737
158.7	299.71	316.694	316.694	316.694	316.694
158.65	292.225	316.632	316.632	316.632	316.632
158.6	309.561	316.614	316.614	316.614	316.614
158.55	301.231	316.575	316.575	316.575	316.575
158.5	289.403	316.506	316.506	316.506	316.506
158.45	293.371	316.447	316.447	316.447	316.447
158.4	298.434	316.402	316.402	316.402	316.402
158.35	319.281	316.394	316.394	316.394	316.394
158.3	299.586	316.352	316.352	316.352	316.352
158.25	302.08	316.315	316.315	316.315	316.315
158.2	302.77	316.281	316.281	316.281	316.281
158.15	290.236	316.215	316.215	316.215	316.215
158.1	286.604	316.14	316.14	316.14	316.14
158.05	277.094	316.041	316.041	316.041	316.041
158	292.179	315.98	315.98	315.98	315.98
157.95	298.894	315.937	315.937	315.937	315.937
157.9	281.619	315.85	315.85	315.85	315.85
157.85	303.618	315.819	315.819	315.819	315.819
157.8	313.039	315.812	315.812	315.812	315.812
157.75	302.081	315.777	315.777	315.777	315.777
157.7	286.602	315.703	315.703	315.703	315.703
157.65	310.716	315.69	315.69	315.69	315.69
157.6	320.75	315.677	315.677	315.677	315.677
157.55	308.824	315.66	315.66	315.66	315.66
157.5	297.344	315.614	315.614	315.614	315.614
157.45	300.351	315.575	315.575	315.575	315.575
157.4	309.072	315.558	315.558	315.558	315.558
157.35	302.876	315.526	315.526	315.526	315.526
157.3	295.826	315.476	315.476	315.476	315.476
157.25	300.438	315.438	315.438	315.438	315.438
157.2	295.611	315.388	315.388	315.388	315.388
157.15	305.926	315.364	315.364	315.364	315.364
157.1	300.196	315.325	315.325	315.325	315.325
157.05	311.325	315.315	315.315	315.315	315.315
157	314.475	315.313	315.313	315.313	315.313
156.95	278.233	315.219	315.219	315.219	315.219
156.9	297.97	315.175	315.175	315.175	315.175
156.85	303.612	315.146	315.146	315.146	315.146
156.8	297.305	315.101	315.101	315.101	315.101
156.75	304.353	315.073	315.073	315.073	315.073
156.7	307.723	315.055	315.055	315.055	315.055
156.65	302.459	315.023	315.023	315.023	315.023
156.6	318.885	315.013	315.013	315.013	315.013
156.55	322.167	314.995	314.995	314.995	314.995
156.5	314.185	314.993	314.993	314.993	314.993
156.45	306.042	314.97	314.97	314.97	314.97
156.4	302.993	314.94	314.94	314.94	314.94
156.35	300.555	314.903	314.903	314.903	314.903
156.3	293.523	314.849	314.849	314.849	314.849
156.25	298.076	314.806	314.806	314.806	314.806
156.2	300.762	314.771	314.771	314.771	314.771
156.15	301.427	314.737	314.737	314.737	314.737
156.1	345.376	314.659	314.659	314.659	314.659
156.05	324.147	314.635	314.635	314.635	314.635
156	289.163	314.57	314.57	314.57	314.57
155.95	306.927	314.551	314.551	314.551	314.551
155.9	315.199	314.549	314.549	314.549	314.549
155.85	312.709	314.544	314.544	314.544	314.544
155.8	328.604	314.508	314.508	314.508	314.508
155.75	327.743	314.475	314.475	314.475	314.475
155.7	312.101	314.469	314.469	314.469	314.469
155.65	335.031	314.416	314.416	314.416	314.416
155.6	337.802	314.357	314.357	314.357	314.357
155.55	318.875	314.345	314.345	314.345	314.345
155.5	334.878	314.293	314.293	314.293	314.293
155.45	340.716	314.225	314.225	314.225	314.225
155.4	348.631	314.138	314.138	314.138	314.138
155.35	334.97	314.085	314.085	314.085	314.085
155.3	336.268	314.028	314.028	314.028	314.028
155.25	344.898	313.949	313.949	313.949	313.949
155.2	336.883	313.891	313.891	313.891	313.891
155.15	343.788	313.815	313.815	313.815	313.815
155.1	337.331	313.755	313.755	313.755	313.755
155.05	346.001	313.672	313.672	313.672	313.672
155	350.422	313.579	313.579	313.579	313.579
154.95	362.309	313.455	313.455	313.455	313.455
154.9	354.266	313.35	313.35	313.35	313.35
154.85	346.788	313.265	313.265	313.265	313.265
154.8	374.74	313.109	313.109	313.109	313.109
154.75	370.735	312.962	312.962	312.962	312.962
154.7	375.251	312.803	312.803	312.803	312.803
154.65	383.259	312.623	312.623	312.623	312.623
154.6	369.925	312.477	312.477	312.477	312.477
154.55	370.24	312.33	312.33	312.33	312.33
154.5	383.397	312.149	312.149	312.149	312.149
154.45	385.869	311.961	311.961	311.961	311.961
154.4	361.24	311.835	311.835	311.835	311.835
154.35	378.942	311.664	311.664	311.664	311.664
154.3	374.43	311.504	311.504	311.504	311.504
154.25	351.847	311.401	311.401	311.401	311.401
154.2	358.688	311.28	311.28	311.28	311.28
154.15	369.714	311.131	311.131	311.131	311.131
154.1	372.887	310.974	310.974	310.974	310.974
154.05	368.749	310.827	310.827	310.827	310.827
154	366.051	310.686	310.686	310.686	310.686
153.95	373.005	310.527	310.527	310.527	310.527
153.9	355.806	310.412	310.412	310.412	310.412
153.85	341.604	310.332	310.332	310.332	310.332
153.8	349.138	310.233	310.233	310.233	310.233
153.75	359.049	310.109	310.109	310.109	310.109
153.7	355.737	309.992	309.992	309.992	309.992
153.65	358.099	309.87	309.87	309.87	309.87
153.6	359.97	309.742	309.742	309.742	309.742
153.55	377.139	309.57	309.57	309.57	309.57
153.5	365.521	309.428	309.428	309.428	309.428
153.45	359.624	309.3	309.3	309.3	309.3
153.4	352.158	309.19	309.19	309.19	309.19
153.35	325.726	309.148	309.148	309.148	309.148
153.3	340.444	309.068	309.068	309.068	309.068
153.25	329.202	309.017	309.017	309.017	309.017
153.2	325.985	308.974	308.974	308.974	308.974
153.15	336.208	308.904	308.904	308.904	308.904
153.1	349.742	308.8	308.8	308.8	308.8
153.05	344.08	308.71	308.71	308.71	308.71
153	327.275	308.663	308.663	308.663	308.663
152.95	315.095	308.646	308.646	308.646	308.646
152.9	352.888	308.534	308.534	308.534	308.534
152.85	328.241	308.483	308.483	308.483	308.483
152.8	318.086	308.459	308.459	308.459	308.459
152.75	328.16	308.409	308.409	308.409	308.409
152.7	339.354	308.33	308.33	308.33	308.33
152.65	344.608	308.237	308.237	308.237	308.237
152.6	339.176	308.158	308.158	308.158	308.158
152.55	337.828	308.083	308.083	308.083	308.083
152.5	345.076	307.989	307.989	307.989	307.989
152.45	342.369	307.901	307.901	307.901	307.901
152.4	347.629	307.8	307.8	307.8	307.8
152.35	334.918	307.73	307.73	307.73	307.73
152.3	336.353	307.657	307.657	307.657	307.657
152.25	351.016	307.547	307.547	307.547	307.547
152.2	354.685	307.427	307.427	307.427	307.427
152.15	335.567	307.355	307.355	307.355	307.355
152.1	348.419	307.25	307.25	307.25	307.25
152.05	342.397	307.161	307.161	307.161	307.161
152	342.846	307.07	307.07	307.07	307.07
151.95	396.906	306.841	306.841	306.841	306.841
151.9	381.71	306.65	306.65	306.65	306.65
151.85	379.007	306.465	306.465	306.465	306.465
151.8	367.725	306.309	306.309	306.309	306.309
151.75	361.875	306.167	306.167	306.167	306.167
151.7	369.007	306.007	306.007	306.007	306.007
151.65	370.017	305.844	305.844	305.844	305.844
151.6	377.444	305.662	305.662	305.662	305.662
151.55	411.949	305.391	305.391	305.391	305.391
151.5	415.248	305.11	305.11	305.11	305.11
151.45	416.113	304.827	304.827	304.827	304.827
151.4	425.862	304.519	304.519	304.519	304.519
151.35	440.609	304.172	304.172	304.172	304.172
151.3	457.625	303.781	303.781	303.781	303.781
151.25	494.5	303.294	303.294	303.294	303.294
151.2	479.317	302.846	302.846	302.846	302.846
151.15	500.28	302.342	302.342	302.342	302.342
151.1	512.091	301.808	301.808	301.808	301.808
151.05	536.277	301.21	301.21	301.21	301.21
151	540.831	300.599	300.599	300.599	300.599
150.95	551.231	299.96	299.96	299.96	299.96
150.9	562.038	299.292	299.292	299.292	299.292
150.85	590.183	298.55	298.55	298.55	298.55
150.8	589.271	297.809	297.809	297.809	297.809
150.75	609.102	297.015	297.015	297.015	297.015
150.7	628.783	296.169	296.169	296.169	296.169
150.65	603.177	295.387	295.387	295.387	295.387
150.6	615.992	294.569	294.569	294.569	294.569
150.55	611.782	293.761	293.761	293.761	293.761
150.5	610.937	292.952	292.952	292.952	292.952
150.45	604.877	292.157	292.157	292.157	292.157
150.4	575.142	291.435	291.435	291.435	291.435
150.35	553.283	290.768	290.768	290.768	290.768
150.3	538.923	290.135	290.135	290.135	290.135
150.25	517.605	289.555	289.555	289.555	289.555
150.2	499.232	289.021	289.021	289.021	289.021
150.15	490.343	288.507	288.507	288.507	288.507
150.1	469.119	288.047	288.047	288.047	288.047
150.05	442.884	287.652	287.652	287.652	287.652
150	441.067	287.261	287.261	287.261	287.261
149.95	418.669	286.926	286.926	286.926	286.926
149.9	417.251	286.594	286.594	286.594	286.594
149.85	403.291	286.296	286.296	286.296	286.296
149.8	402.823	285.999	285.999	285.999	285.999
149.75	375.076	285.772	285.772	285.772	285.772
149.7	376.626	285.54	285.54	285.54	285.54
149.65	341.545	285.397	285.397	285.397	285.397
149.6	336.757	285.267	285.267	285.267	285.267
149.55	342.092	285.122	285.122	285.122	285.122
149.5	357.453	284.937	284.937	284.937	284.937
149.45	338.635	284.8	284.8	284.8	284.8
149.4	348.035	284.639	284.639	284.639	284.639
149.35	330.518	284.522	284.522	284.522	284.522
149.3	341.523	284.377	284.377	284.377	284.377
149.25	330.129	284.26	284.26	284.26	284.26
149.2	318.243	284.174	284.174	284.174	284.174
149.15	327.918	284.062	284.062	284.062	284.062
149.1	319.202	283.972	283.972	283.972	283.972
149.05	304.163	283.921	283.921	283.921	283.921
149	304.108	283.87	283.87	283.87	283.87
148.95	310.889	283.801	283.801	283.801	283.801
148.9	273.091	283.773	283.773	283.773	283.773
148.85	307.866	283.712	283.712	283.712	283.712
148.8	307.95	283.65	283.65	283.65	283.65
148.75	296.8	283.617	283.617	283.617	283.617
148.7	295.226	283.587	283.587	283.587	283.587
148.65	295.526	283.557	283.557	283.557	283.557
148.6	301.34	283.511	283.511	283.511	283.511
148.55	301.955	283.464	283.464	283.464	283.464
148.5	307.065	283.404	283.404	283.404	283.404
148.45	290.712	283.386	283.386	283.386	283.386
148.4	292.662	283.362	283.362	283.362	283.362
148.35	286.403	283.354	283.354	283.354	283.354
148.3	293.824	283.327	283.327	283.327	283.327
148.25	282.055	283.324	283.324	283.324	283.324
148.2	285.281	283.319	283.319	283.319	283.319
148.15	264.82	283.272	283.272	283.272	283.272
148.1	280.506	283.265	283.265	283.265	283.265
148.05	285.579	283.259	283.259	283.259	283.259
148	292.155	283.237	283.237	283.237	283.237
147.95	297.261	283.201	283.201	283.201	283.201
147.9	303.894	283.148	283.148	283.148	283.148
147.85	293.684	283.121	283.121	283.121	283.121
147.8	283.116	283.121	283.121	283.121	283.121
147.75	288.316	283.108	283.108	283.108	283.108
147.7	306.859	283.048	283.048	283.048	283.048
147.65	294.177	283.019	283.019	283.019	283.019
147.6	302.852	282.969	282.969	282.969	282.969
147.55	276.292	282.952	282.952	282.952	282.952
147.5	292.3	282.928	282.928	282.928	282.928
147.45	299.716	282.885	282.885	282.885	282.885
147.4	291.516	282.863	282.863	282.863	282.863
147.35	274.861	282.843	282.843	282.843	282.843
147.3	300.415	282.798	282.798	282.798	282.798
147.25	272.995	282.773	282.773	282.773	282.773
147.2	291.522	282.751	282.751	282.751	282.751
147.15	272.249	282.724	282.724	282.724	282.724
147.1	294.326	282.695	282.695	282.695	282.695
147.05	293.683	282.667	282.667	282.667	282.667
147	296.466	282.631	282.631	282.631	282.631
146.95	264.163	282.584	282.584	282.584	282.584
146.9	258.907	282.524	282.524	282.524	282.524
146.85	285.283	282.517	282.517	282.517	282.517
146.8	280.613	282.513	282.513	282.513	282.513
146.75	288.492	282.497	282.497	282.497	282.497
146.7	280.41	282.492	282.492	282.492	282.492
146.65	280.287	282.486	282.486	282.486	282.486
146.6	286.613	282.476	282.476	282.476	282.476
146.55	276.837	282.462	282.462	282.462	282.462
146.5	274.01	282.44	282.44	282.44	282.44
146.45	292.887	282.414	282.414	282.414	282.414
146.4	277.945	282.402	282.402	282.402	282.402
146.35	268.455	282.367	282.367	282.367	282.367
146.3	277.533	282.355	282.355	282.355	282.355
146.25	283.845	282.351	282.351	282.351	282.351
146.2	279.188	282.343	282.343	282.343	282.343
146.15	308.67	282.276	282.276	282.276	282.276
146.1	288.35	282.26	282.26	282.26	282.26
146.05	265.862	282.219	282.219	282.219	282.219
146	277.432	282.206	282.206	282.206	282.207
145.95	277.733	282.195	282.195	282.195	282.195
145.9	283.298	282.192	282.192	282.192	282.192
145.85	287.319	282.179	282.179	282.179	282.179
145.8	305.305	282.12	282.12	282.12	282.12
145.75	280.585	282.116	282.116	282.116	282.117
145.7	265.586	282.074	282.074	282.074	282.075
145.65	277.592	282.063	282.063	282.063	282.063
145.6	295.771	282.028	282.028	282.028	282.029
145.55	307.742	281.962	281.962	281.962	281.963
145.5	292.246	281.936	281.936	281.936	281.937
145.45	277.005	281.924	281.924	281.924	281.924
145.4	277.899	281.914	281.914	281.914	281.914
145.35	300.792	281.865	281.865	281.865	281.866
145.3	279.403	281.859	281.859	281.859	281.86
145.25	288.12	281.843	281.843	281.843	281.844
145.2	285.106	281.835	281.835	281.835	281.836
145.15	285.752	281.825	281.825	281.825	281.826
145.1	271.599	281.799	281.799	281.799	281.801
145.05	282.877	281.796	281.796	281.796	281.799
145	281.796	281.796	281.796	281.796	281.8
