0.2	0.344470401399374
0.206506506506507	0.355676895939394
0.213013013013013	0.366883390479413
0.21951951951952	0.378089885019433
0.226026026026026	0.389296379559453
0.232532532532533	0.400502874099472
0.239039039039039	0.411709368639492
0.245545545545546	0.422915863179512
0.252052052052052	0.434122357719531
0.258558558558559	0.445328852259551
0.265065065065065	0.456535346799571
0.271571571571572	0.46774184133959
0.278078078078078	0.47894833587961
0.284584584584585	0.49015483041963
0.291091091091091	0.501361324959649
0.297597597597598	0.512567819499669
0.304104104104104	0.523774314039689
0.310610610610611	0.534980808579709
0.317117117117117	0.546187303119728
0.323623623623624	0.557393797659748
0.33013013013013	0.568600292199768
0.336636636636637	0.579806786739787
0.343143143143143	0.591013281279807
0.34964964964965	0.602219775819826
0.356156156156156	0.613426270359846
0.362662662662663	0.624632764899866
0.369169169169169	0.635839259439886
0.375675675675676	0.647045753979905
0.382182182182182	0.658252248519925
0.388688688688689	0.669458743059945
0.395195195195195	0.680665237599964
0.401701701701702	0.691871732139984
0.408208208208208	0.703078226680004
0.414714714714715	0.714284721220023
0.421221221221221	0.725491215760043
0.427727727727728	0.736697710300063
0.434234234234234	0.747904204840082
0.440740740740741	0.759110699380102
0.447247247247247	0.770317193920122
0.453753753753754	0.781523688460141
0.46026026026026	0.792730183000161
0.466766766766767	0.803936677540181
0.473273273273273	0.8151431720802
0.47977977977978	0.82634966662022
0.486286286286286	0.83755616116024
0.492792792792793	0.848762655700259
0.499299299299299	0.859969150240279
0.505805805805806	0.871175644780299
0.512312312312312	0.882382139320319
0.518818818818819	0.893588633860338
0.525325325325325	0.904795128400358
0.531831831831832	0.916001622940377
0.538338338338338	0.927208117480397
0.544844844844845	0.938414612020417
0.551351351351351	0.949621106560437
0.557857857857858	0.960827601100456
0.564364364364364	0.972034095640476
0.570870870870871	0.983240590180496
0.577377377377377	0.994447084720515
0.583883883883884	1.00565357926053
0.59039039039039	1.01686007380055
0.596896896896897	1.02806656834057
0.603403403403403	1.03927306288059
0.60990990990991	1.05047955742061
0.616416416416416	1.06168605196063
0.622922922922923	1.07289254650065
0.629429429429429	1.08409904104067
0.635935935935936	1.09530553558069
0.642442442442442	1.10651203012071
0.648948948948949	1.11771852466073
0.655455455455455	1.12892501920075
0.661961961961962	1.14013151374077
0.668468468468469	1.15133800828079
0.674974974974975	1.16254450282081
0.681481481481481	1.17375099736083
0.687987987987988	1.18495749190085
0.694494494494495	1.19616398644087
0.701001001001001	1.20737048098089
0.707507507507507	1.21857697552091
0.714014014014014	1.22978347006093
0.720520520520521	1.24098996460095
0.727027027027027	1.25219645914097
0.733533533533534	1.26340295368099
0.74004004004004	1.27460944822101
0.746546546546547	1.28581594276103
0.753053053053053	1.29702243730105
0.75955955955956	1.30822893184107
0.766066066066066	1.31943542638109
0.772572572572573	1.33064192092111
0.779079079079079	1.34184841546113
0.785585585585586	1.35305491000114
0.792092092092092	1.36426140454116
0.798598598598599	1.37546789908118
0.805105105105105	1.3866743936212
0.811611611611612	1.39788088816122
0.818118118118118	1.40908738270124
0.824624624624625	1.42029387724126
0.831131131131131	1.43150037178128
0.837637637637638	1.4427068663213
0.844144144144144	1.45391336086132
0.850650650650651	1.46511985540134
0.857157157157157	1.47632634994136
0.863663663663664	1.48753284448138
0.87017017017017	1.4987393390214
0.876676676676677	1.50994583356142
0.883183183183183	1.52115232810144
0.88968968968969	1.53235882264146
0.896196196196196	1.54356531718148
0.902702702702703	1.5547718117215
0.909209209209209	1.56597830626152
0.915715715715716	1.57718480080154
0.922222222222222	1.58839129534156
0.928728728728729	1.59959778988158
0.935235235235235	1.6108042844216
0.941741741741742	1.62201077896162
0.948248248248248	1.63321727350164
0.954754754754755	1.64442376804166
0.961261261261261	1.65563026258168
0.967767767767768	1.6668367571217
0.974274274274274	1.67804325166172
0.980780780780781	1.68924974620173
0.987287287287287	1.70045624074175
0.993793793793794	1.71166273528177
1.0003003003003	1.72286922982179
1.00680680680681	1.73407572436181
1.01331331331331	1.74528221890183
1.01981981981982	1.75648871344185
1.02632632632633	1.76769520798187
1.03283283283283	1.77890170252189
1.03933933933934	1.79010819706191
1.04584584584585	1.80131469160193
1.05235235235235	1.81252118614195
1.05885885885886	1.82372768068197
1.06536536536537	1.83493417522199
1.07187187187187	1.84614066976201
1.07837837837838	1.85734716430203
1.08488488488488	1.86855365884205
1.09139139139139	1.87976015338207
1.0978978978979	1.89096664792209
1.1044044044044	1.90217314246211
1.11091091091091	1.91337963700213
1.11741741741742	1.92458613154215
1.12392392392392	1.93579262608217
1.13043043043043	1.94699912062219
1.13693693693694	1.95820561516221
1.14344344344344	1.96941210970223
1.14994994994995	1.98061860424225
1.15645645645646	1.99182509878227
1.16296296296296	2.00303159332229
1.16946946946947	2.01423808786231
1.17597597597598	2.02544458240233
1.18248248248248	2.03665107694234
1.18898898898899	2.04785757148236
1.1954954954955	2.05906406602238
1.202002002002	2.0702705605624
1.20850850850851	2.08147705510242
1.21501501501502	2.09268354964244
1.22152152152152	2.10389004418246
1.22802802802803	2.11509653872248
1.23453453453453	2.1263030332625
1.24104104104104	2.13750952780252
1.24754754754755	2.14871602234254
1.25405405405405	2.15992251688256
1.26056056056056	2.17112901142258
1.26706706706707	2.1823355059626
1.27357357357357	2.19354200050262
1.28008008008008	2.20474849504264
1.28658658658659	2.21595498958266
1.29309309309309	2.22716148412268
1.2995995995996	2.2383679786627
1.30610610610611	2.24957447320272
1.31261261261261	2.26078096774274
1.31911911911912	2.27198746228276
1.32562562562563	2.28319395682278
1.33213213213213	2.2944004513628
1.33863863863864	2.30560694590282
1.34514514514515	2.31681344044284
1.35165165165165	2.32801993498286
1.35815815815816	2.33922642952288
1.36466466466466	2.3504329240629
1.37117117117117	2.36163941860292
1.37767767767768	2.37284591314293
1.38418418418418	2.38405240768296
1.39069069069069	2.39525890222297
1.3971971971972	2.40646539676299
1.4037037037037	2.41767189130301
1.41021021021021	2.42887838584303
1.41671671671672	2.44008488038305
1.42322322322322	2.45129137492307
1.42972972972973	2.46249786946309
1.43623623623624	2.47370436400311
1.44274274274274	2.48491085854313
1.44924924924925	2.49611735308315
1.45575575575576	2.50732384762317
1.46226226226226	2.51853034216319
1.46876876876877	2.52973683670321
1.47527527527528	2.54094333124323
1.48178178178178	2.55214982578325
1.48828828828829	2.56335632032327
1.49479479479479	2.57456281486329
1.5013013013013	2.58576930940331
1.50780780780781	2.59697580394333
1.51431431431431	2.60818229848335
1.52082082082082	2.61938879302337
1.52732732732733	2.63059528756339
1.53383383383383	2.64180178210341
1.54034034034034	2.65300827664343
1.54684684684685	2.66421477118345
1.55335335335335	2.67542126572347
1.55985985985986	2.68662776026349
1.56636636636637	2.69783425480351
1.57287287287287	2.70904074934353
1.57937937937938	2.72024724388355
1.58588588588589	2.73145373842356
1.59239239239239	2.74266023296358
1.5988988988989	2.7538667275036
1.60540540540541	2.76507322204362
1.61191191191191	2.77627971658364
1.61841841841842	2.78748621112366
1.62492492492492	2.79869270566368
1.63143143143143	2.8098992002037
1.63793793793794	2.82110569474372
1.64444444444444	2.83231218928374
1.65095095095095	2.84351868382376
1.65745745745746	2.85472517836378
1.66396396396396	2.8659316729038
1.67047047047047	2.87713816744382
1.67697697697698	2.88834466198384
1.68348348348348	2.89955115652386
1.68998998998999	2.91075765106388
1.6964964964965	2.9219641456039
1.703003003003	2.93317064014392
1.70950950950951	2.94437713468394
1.71601601601602	2.95558362922396
1.72252252252252	2.96679012376398
1.72902902902903	2.977996618304
1.73553553553554	2.98920311284402
1.74204204204204	3.00040960738404
1.74854854854855	3.01161610192406
1.75505505505506	3.02282259646408
1.76156156156156	3.0340290910041
1.76806806806807	3.04523558554412
1.77457457457457	3.05644208008414
1.78108108108108	3.06764857462416
1.78758758758759	3.07885506916417
1.79409409409409	3.09006156370419
1.8006006006006	3.10126805824421
1.80710710710711	3.11247455278423
1.81361361361361	3.12368104732425
1.82012012012012	3.13488754186427
1.82662662662663	3.14609403640429
1.83313313313313	3.15730053094431
1.83963963963964	3.16850702548433
1.84614614614615	3.17971352002435
1.85265265265265	3.19092001456437
1.85915915915916	3.20212650910439
1.86566566566567	3.21333300364441
1.87217217217217	3.22453949818443
1.87867867867868	3.23574599272445
1.88518518518519	3.24695248726447
1.89169169169169	3.25815898180449
1.8981981981982	3.26936547634451
1.9047047047047	3.28057197088453
1.91121121121121	3.29177846542455
1.91771771771772	3.30298495996457
1.92422422422422	3.31419145450459
1.93073073073073	3.32539794904461
1.93723723723724	3.33660444358463
1.94374374374374	3.34781093812465
1.95025025025025	3.35901743266467
1.95675675675676	3.37022392720469
1.96326326326326	3.38143042174471
1.96976976976977	3.39263691628473
1.97627627627628	3.40384341082475
1.98278278278278	3.41504990536476
1.98928928928929	3.42625639990478
1.9957957957958	3.4374628944448
2.0023023023023	3.44866938898482
2.00880880880881	3.45987588352484
2.01531531531532	3.47108237806486
2.02182182182182	3.48228887260488
2.02832832832833	3.4934953671449
2.03483483483484	3.50470186168492
2.04134134134134	3.51590835622494
2.04784784784785	3.52711485076496
2.05435435435435	3.53832134530498
2.06086086086086	3.549527839845
2.06736736736737	3.56073433438502
2.07387387387387	3.57194082892504
2.08038038038038	3.58314732346506
2.08688688688689	3.59435381800508
2.09339339339339	3.6055603125451
2.0998998998999	3.61676680708512
2.10640640640641	3.62797330162514
2.11291291291291	3.63917979616516
2.11941941941942	3.65038629070518
2.12592592592593	3.6615927852452
2.13243243243243	3.67279927978522
2.13893893893894	3.68400577432524
2.14544544544545	3.69521226886526
2.15195195195195	3.70641876340528
2.15845845845846	3.7176252579453
2.16496496496497	3.72883175248532
2.17147147147147	3.74003824702534
2.17797797797798	3.75124474156536
2.18448448448448	3.76245123610537
2.19099099099099	3.77365773064539
2.1974974974975	3.78486422518541
2.204004004004	3.79607071972543
2.21051051051051	3.80727721426545
2.21701701701702	3.81848370880547
2.22352352352352	3.82969020334549
2.23003003003003	3.84089669788551
2.23653653653654	3.85210319242553
2.24304304304304	3.86330968696555
2.24954954954955	3.87451618150557
2.25605605605606	3.88572267604559
2.26256256256256	3.89692917058561
2.26906906906907	3.90813566512563
2.27557557557558	3.91934215966565
2.28208208208208	3.93054865420567
2.28858858858859	3.94175514874569
2.2950950950951	3.95296164328571
2.3016016016016	3.96416813782573
2.30810810810811	3.97537463236575
2.31461461461461	3.98658112690577
2.32112112112112	3.99778762144579
2.32762762762763	4.00899411598581
2.33413413413413	4.02020061052583
2.34064064064064	4.03140710506585
2.34714714714715	4.04261359960587
2.35365365365365	4.05382009414589
2.36016016016016	4.06502658868591
2.36666666666667	4.07623308322593
2.37317317317317	4.08743957776595
2.37967967967968	4.09864607230597
2.38618618618619	4.10985256684599
2.39269269269269	4.121059061386
2.3991991991992	4.13226555592602
2.40570570570571	4.14347205046604
2.41221221221221	4.15467854500606
2.41871871871872	4.16588503954608
2.42522522522523	4.1770915340861
2.43173173173173	4.18829802862612
2.43823823823824	4.19950452316614
2.44474474474475	4.21071101770616
2.45125125125125	4.22191751224618
2.45775775775776	4.2331240067862
2.46426426426426	4.24433050132622
2.47077077077077	4.25553699586624
2.47727727727728	4.26674349040626
2.48378378378378	4.27794998494628
2.49029029029029	4.2891564794863
2.4967967967968	4.30036297402632
2.5033033033033	4.31156946856634
2.50980980980981	4.32277596310636
2.51631631631632	4.33398245764638
2.52282282282282	4.3451889521864
2.52932932932933	4.35639544672642
2.53583583583584	4.36760194126644
2.54234234234234	4.37880843580646
2.54884884884885	4.39001493034648
2.55535535535536	4.4012214248865
2.56186186186186	4.41242791942652
2.56836836836837	4.42363441396654
2.57487487487488	4.43484090850656
2.58138138138138	4.44604740304658
2.58788788788789	4.4572538975866
2.59439439439439	4.46846039212661
2.6009009009009	4.47966688666663
2.60740740740741	4.49087338120665
2.61391391391391	4.50207987574667
2.62042042042042	4.51328637028669
2.62692692692693	4.52449286482671
2.63343343343343	4.53569935936673
2.63993993993994	4.54690585390675
2.64644644644645	4.55811234844677
2.65295295295295	4.56931884298679
2.65945945945946	4.58052533752681
2.66596596596597	4.59173183206683
2.67247247247247	4.60293832660685
2.67897897897898	4.61414482114687
2.68548548548549	4.62535131568689
2.69199199199199	4.63655781022691
2.6984984984985	4.64776430476693
2.70500500500501	4.65897079930695
2.71151151151151	4.67017729384697
2.71801801801802	4.68138378838699
2.72452452452452	4.69259028292701
2.73103103103103	4.70379677746703
2.73753753753754	4.71500327200705
2.74404404404404	4.72620976654707
2.75055055055055	4.73741626108709
2.75705705705706	4.74862275562711
2.76356356356356	4.75982925016713
2.77007007007007	4.77103574470715
2.77657657657658	4.78224223924717
2.78308308308308	4.79344873378719
2.78958958958959	4.80465522832721
2.7960960960961	4.81586172286722
2.8026026026026	4.82706821740724
2.80910910910911	4.83827471194726
2.81561561561562	4.84948120648728
2.82212212212212	4.8606877010273
2.82862862862863	4.87189419556732
2.83513513513514	4.88310069010734
2.84164164164164	4.89430718464736
2.84814814814815	4.90551367918738
2.85465465465466	4.9167201737274
2.86116116116116	4.92792666826742
2.86766766766767	4.93913316280744
2.87417417417417	4.95033965734746
2.88068068068068	4.96154615188748
2.88718718718719	4.9727526464275
2.89369369369369	4.98395914096752
2.9002002002002	4.99516563550754
2.90670670670671	5.00637213004756
2.91321321321321	5.01757862458758
2.91971971971972	5.0287851191276
2.92622622622623	5.03999161366762
2.93273273273273	5.05119810820764
2.93923923923924	5.06240460274766
2.94574574574575	5.07361109728768
2.95225225225225	5.0848175918277
2.95875875875876	5.09602408636772
2.96526526526527	5.10723058090774
2.97177177177177	5.11843707544776
2.97827827827828	5.12964356998778
2.98478478478479	5.1408500645278
2.99129129129129	5.15205655906782
2.9977977977978	5.16326305360783
3.0043043043043	5.17446954814785
3.01081081081081	5.18567604268787
3.01731731731732	5.19688253722789
3.02382382382382	5.20808903176791
3.03033033033033	5.21929552630793
3.03683683683684	5.23050202084795
3.04334334334334	5.24170851538797
3.04984984984985	5.25291500992799
3.05635635635636	5.26412150446801
3.06286286286286	5.27532799900803
3.06936936936937	5.28653449354805
3.07587587587588	5.29774098808807
3.08238238238238	5.30894748262809
3.08888888888889	5.32015397716811
3.0953953953954	5.33136047170813
3.1019019019019	5.34256696624815
3.10840840840841	5.35377346078817
3.11491491491492	5.36497995532819
3.12142142142142	5.37618644986821
3.12792792792793	5.38739294440823
3.13443443443443	5.39859943894825
3.14094094094094	5.40980593348827
3.14744744744745	5.42101242802829
3.15395395395395	5.43221892256831
3.16046046046046	5.44342541710833
3.16696696696697	5.45463191164835
3.17347347347347	5.46583840618837
3.17997997997998	5.47704490072839
3.18648648648649	5.4882513952684
3.19299299299299	5.49945788980842
3.1994994994995	5.51066438434844
3.20600600600601	5.52187087888846
3.21251251251251	5.53307737342848
3.21901901901902	5.5442838679685
3.22552552552553	5.55549036250852
3.23203203203203	5.56669685704854
3.23853853853854	5.57790335158856
3.24504504504505	5.58910984612858
3.25155155155155	5.6003163406686
3.25805805805806	5.61152283520862
3.26456456456456	5.62272932974864
3.27107107107107	5.63393582428866
3.27757757757758	5.64514231882868
3.28408408408408	5.6563488133687
3.29059059059059	5.66755530790872
3.2970970970971	5.67876180244874
3.3036036036036	5.68996829698876
3.31011011011011	5.70117479152878
3.31661661661662	5.7123812860688
3.32312312312312	5.72358778060882
3.32962962962963	5.73479427514884
3.33613613613614	5.74600076968886
3.34264264264264	5.75720726422888
3.34914914914915	5.7684137587689
3.35565565565566	5.77962025330892
3.36216216216216	5.79082674784894
3.36866866866867	5.80203324238896
3.37517517517518	5.81323973692898
3.38168168168168	5.824446231469
3.38818818818819	5.83565272600901
3.3946946946947	5.84685922054904
3.4012012012012	5.85806571508905
3.40770770770771	5.86927220962907
3.41421421421421	5.88047870416909
3.42072072072072	5.89168519870911
3.42722722722723	5.90289169324913
3.43373373373373	5.91409818778915
3.44024024024024	5.92530468232917
3.44674674674675	5.93651117686919
3.45325325325325	5.94771767140921
3.45975975975976	5.95892416594923
3.46626626626627	5.97013066048925
3.47277277277277	5.98133715502927
3.47927927927928	5.99254364956929
3.48578578578579	6.00375014410931
3.49229229229229	6.01495663864933
3.4987987987988	6.02616313318935
3.50530530530531	6.03736962772937
3.51181181181181	6.04857612226939
3.51831831831832	6.05978261680941
3.52482482482483	6.07098911134943
3.53133133133133	6.08219560588945
3.53783783783784	6.09340210042947
3.54434434434434	6.10460859496949
3.55085085085085	6.11581508950951
3.55735735735736	6.12702158404953
3.56386386386386	6.13822807858955
3.57037037037037	6.14943457312957
3.57687687687688	6.16064106766959
3.58338338338338	6.17184756220961
3.58988988988989	6.18305405674962
3.5963963963964	6.19426055128964
3.6029029029029	6.20546704582966
3.60940940940941	6.21667354036968
3.61591591591592	6.2278800349097
3.62242242242242	6.23908652944972
3.62892892892893	6.25029302398974
3.63543543543544	6.26149951852976
3.64194194194194	6.27270601306978
3.64844844844845	6.2839125076098
3.65495495495496	6.29511900214982
3.66146146146146	6.30632549668984
3.66796796796797	6.31753199122986
3.67447447447447	6.32873848576988
3.68098098098098	6.3399449803099
3.68748748748749	6.35115147484992
3.69399399399399	6.36235796938994
3.7005005005005	6.37356446392996
3.70700700700701	6.38477095846998
3.71351351351351	6.39597745301
3.72002002002002	6.40718394755002
3.72652652652653	6.41839044209004
3.73303303303303	6.42959693663006
3.73953953953954	6.44080343117008
3.74604604604605	6.4520099257101
3.75255255255255	6.46321642025012
3.75905905905906	6.47442291479014
3.76556556556557	6.48562940933016
3.77207207207207	6.49683590387018
3.77857857857858	6.5080423984102
3.78508508508509	6.51924889295022
3.79159159159159	6.53045538749023
3.7980980980981	6.54166188203025
3.8046046046046	6.55286837657027
3.81111111111111	6.56407487111029
3.81761761761762	6.57528136565031
3.82412412412412	6.58648786019033
3.83063063063063	6.59769435473035
3.83713713713714	6.60890084927037
3.84364364364364	6.62010734381039
3.85015015015015	6.63131383835041
3.85665665665666	6.64252033289043
3.86316316316316	6.65372682743045
3.86966966966967	6.66493332197047
3.87617617617618	6.67613981651049
3.88268268268268	6.68734631105051
3.88918918918919	6.69855280559053
3.8956956956957	6.70975930013055
3.9022022022022	6.72096579467057
3.90870870870871	6.73217228921059
3.91521521521522	6.74337878375061
3.92172172172172	6.75458527829063
3.92822822822823	6.76579177283065
3.93473473473474	6.77699826737067
3.94124124124124	6.78820476191069
3.94774774774775	6.79941125645071
3.95425425425425	6.81061775099073
3.96076076076076	6.82182424553075
3.96726726726727	6.83303074007077
3.97377377377377	6.84423723461079
3.98028028028028	6.85544372915081
3.98678678678679	6.86665022369082
3.99329329329329	6.87785671823085
3.9997997997998	6.88906321277087
4.00630630630631	6.90026970731088
4.01281281281281	6.9114762018509
4.01931931931932	6.92268269639092
4.02582582582583	6.93388919093094
4.03233233233233	6.94509568547096
4.03883883883884	6.95630218001098
4.04534534534535	6.967508674551
4.05185185185185	6.97871516909102
4.05835835835836	6.98992166363104
4.06486486486487	7.00112815817106
4.07137137137137	7.01233465271108
4.07787787787788	7.0235411472511
4.08438438438438	7.03474764179112
4.09089089089089	7.04595413633114
4.0973973973974	7.05716063087116
4.1039039039039	7.06836712541118
4.11041041041041	7.0795736199512
4.11691691691692	7.09078011449122
4.12342342342342	7.10198660903124
4.12992992992993	7.11319310357126
4.13643643643644	7.12439959811128
4.14294294294294	7.1356060926513
4.14944944944945	7.14681258719132
4.15595595595596	7.15801908173134
4.16246246246246	7.16922557627136
4.16896896896897	7.18043207081138
4.17547547547548	7.1916385653514
4.18198198198198	7.20284505989142
4.18848848848849	7.21405155443143
4.194994994995	7.22525804897145
4.2015015015015	7.23646454351148
4.20800800800801	7.24767103805149
4.21451451451451	7.25887753259151
4.22102102102102	7.27008402713153
4.22752752752753	7.28129052167155
4.23403403403403	7.29249701621157
4.24054054054054	7.30370351075159
4.24704704704705	7.31491000529161
4.25355355355355	7.32611649983163
4.26006006006006	7.33732299437165
4.26656656656657	7.34852948891167
4.27307307307307	7.35973598345169
4.27957957957958	7.37094247799171
4.28608608608609	7.38214897253173
4.29259259259259	7.39335546707175
4.2990990990991	7.40456196161177
4.30560560560561	7.41576845615179
4.31211211211211	7.42697495069181
4.31861861861862	7.43818144523183
4.32512512512513	7.44938793977185
4.33163163163163	7.46059443431187
4.33813813813814	7.47180092885189
4.34464464464464	7.48300742339191
4.35115115115115	7.49421391793193
4.35765765765766	7.50542041247195
4.36416416416416	7.51662690701197
4.37067067067067	7.52783340155199
4.37717717717718	7.53903989609201
4.38368368368368	7.55024639063203
4.39019019019019	7.56145288517205
4.3966966966967	7.57265937971207
4.4032032032032	7.58386587425208
4.40970970970971	7.5950723687921
4.41621621621622	7.60627886333212
4.42272272272272	7.61748535787214
4.42922922922923	7.62869185241216
4.43573573573574	7.63989834695218
4.44224224224224	7.6511048414922
4.44874874874875	7.66231133603222
4.45525525525526	7.67351783057224
4.46176176176176	7.68472432511226
4.46826826826827	7.69593081965228
4.47477477477478	7.7071373141923
4.48128128128128	7.71834380873232
4.48778778778779	7.72955030327234
4.49429429429429	7.74075679781236
4.5008008008008	7.75196329235238
4.50730730730731	7.7631697868924
4.51381381381381	7.77437628143242
4.52032032032032	7.78558277597244
4.52682682682683	7.79678927051246
4.53333333333333	7.80799576505248
4.53983983983984	7.8192022595925
4.54634634634635	7.83040875413252
4.55285285285285	7.84161524867254
4.55935935935936	7.85282174321256
4.56586586586587	7.86402823775258
4.57237237237237	7.8752347322926
4.57887887887888	7.88644122683262
4.58538538538539	7.89764772137264
4.59189189189189	7.90885421591266
4.5983983983984	7.92006071045267
4.60490490490491	7.93126720499269
4.61141141141141	7.94247369953272
4.61791791791792	7.95368019407273
4.62442442442442	7.96488668861275
4.63093093093093	7.97609318315277
4.63743743743744	7.98729967769279
4.64394394394394	7.99850617223281
4.65045045045045	8.00971266677283
4.65695695695696	8.02091916131285
4.66346346346346	8.03212565585287
4.66996996996997	8.04333215039289
4.67647647647648	8.05453864493291
4.68298298298298	8.06574513947293
4.68948948948949	8.07695163401295
4.695995995996	8.08815812855297
4.7025025025025	8.09936462309299
4.70900900900901	8.11057111763301
4.71551551551552	8.12177761217303
4.72202202202202	8.13298410671305
4.72852852852853	8.14419060125307
4.73503503503504	8.15539709579309
4.74154154154154	8.16660359033311
4.74804804804805	8.17781008487313
4.75455455455455	8.18901657941315
4.76106106106106	8.20022307395317
4.76756756756757	8.21142956849319
4.77407407407407	8.22263606303321
4.78058058058058	8.23384255757323
4.78708708708709	8.24504905211325
4.79359359359359	8.25625554665326
4.8001001001001	8.26746204119329
4.80660660660661	8.2786685357333
4.81311311311311	8.28987503027332
4.81961961961962	8.30108152481334
4.82612612612613	8.31228801935336
4.83263263263263	8.32349451389338
4.83913913913914	8.3347010084334
4.84564564564565	8.34590750297342
4.85215215215215	8.35711399751344
4.85865865865866	8.36832049205346
4.86516516516517	8.37952698659348
4.87167167167167	8.3907334811335
4.87817817817818	8.40193997567352
4.88468468468469	8.41314647021354
4.89119119119119	8.42435296475356
4.8976976976977	8.43555945929358
4.9042042042042	8.4467659538336
4.91071071071071	8.45797244837362
4.91721721721722	8.46917894291364
4.92372372372372	8.48038543745366
4.93023023023023	8.49159193199368
4.93673673673674	8.5027984265337
4.94324324324324	8.51400492107372
4.94974974974975	8.52521141561374
4.95625625625626	8.53641791015376
4.96276276276276	8.54762440469378
4.96926926926927	8.5588308992338
4.97577577577578	8.57003739377381
4.98228228228228	8.58124388831384
4.98878878878879	8.59245038285385
4.9952952952953	8.60365687739387
5.0018018018018	8.6148633719339
5.00830830830831	8.62606986647391
5.01481481481482	8.63727636101393
5.02132132132132	8.64848285555395
5.02782782782783	8.65968935009397
5.03433433433433	8.67089584463399
5.04084084084084	8.68210233917401
5.04734734734735	8.69330883371403
5.05385385385385	8.70451532825405
5.06036036036036	8.71572182279407
5.06686686686687	8.72692831733409
5.07337337337337	8.73813481187411
5.07987987987988	8.74934130641413
5.08638638638639	8.76054780095415
5.09289289289289	8.77175429549417
5.0993993993994	8.78296079003419
5.10590590590591	8.79416728457421
5.11241241241241	8.80537377911423
5.11891891891892	8.81658027365425
5.12542542542543	8.82778676819427
5.13193193193193	8.83899326273429
5.13843843843844	8.85019975727431
5.14494494494495	8.86140625181433
5.15145145145145	8.87261274635435
5.15795795795796	8.88381924089437
5.16446446446446	8.89502573543439
5.17097097097097	8.90623222997441
5.17747747747748	8.91743872451443
5.18398398398398	8.92864521905445
5.19049049049049	8.93985171359446
5.196996996997	8.95105820813449
5.2035035035035	8.9622647026745
5.21001001001001	8.97347119721452
5.21651651651652	8.98467769175454
5.22302302302302	8.99588418629456
5.22952952952953	9.00709068083458
5.23603603603604	9.0182971753746
5.24254254254254	9.02950366991462
5.24904904904905	9.04071016445464
5.25555555555556	9.05191665899466
5.26206206206206	9.06312315353468
5.26856856856857	9.0743296480747
5.27507507507508	9.08553614261472
5.28158158158158	9.09674263715474
5.28808808808809	9.10794913169476
5.29459459459459	9.11915562623478
5.3011011011011	9.1303621207748
5.30760760760761	9.14156861531482
5.31411411411411	9.15277510985484
5.32062062062062	9.16398160439486
5.32712712712713	9.17518809893488
5.33363363363363	9.1863945934749
5.34014014014014	9.19760108801492
5.34664664664665	9.20880758255494
5.35315315315315	9.22001407709496
5.35965965965966	9.23122057163498
5.36616616616617	9.242427066175
5.37267267267267	9.25363356071502
5.37917917917918	9.26484005525504
5.38568568568569	9.27604654979505
5.39219219219219	9.28725304433508
5.3986986986987	9.29845953887509
5.40520520520521	9.30966603341511
5.41171171171171	9.32087252795514
5.41821821821822	9.33207902249515
5.42472472472473	9.34328551703517
5.43123123123123	9.35449201157519
5.43773773773774	9.36569850611521
5.44424424424424	9.37690500065523
5.45075075075075	9.38811149519525
5.45725725725726	9.39931798973527
5.46376376376376	9.41052448427529
5.47027027027027	9.42173097881531
5.47677677677678	9.43293747335533
5.48328328328328	9.44414396789535
5.48978978978979	9.45535046243537
5.4962962962963	9.46655695697539
5.5028028028028	9.47776345151541
5.50930930930931	9.48896994605543
5.51581581581582	9.50017644059545
5.52232232232232	9.51138293513547
5.52882882882883	9.52258942967549
5.53533533533534	9.53379592421551
5.54184184184184	9.54500241875553
5.54834834834835	9.55620891329555
5.55485485485486	9.56741540783557
5.56136136136136	9.57862190237559
5.56786786786787	9.58982839691561
5.57437437437437	9.60103489145563
5.58088088088088	9.61224138599565
5.58738738738739	9.62344788053567
5.59389389389389	9.63465437507569
5.6004004004004	9.6458608696157
5.60690690690691	9.65706736415573
5.61341341341341	9.66827385869574
5.61991991991992	9.67948035323576
5.62642642642643	9.69068684777578
5.63293293293293	9.7018933423158
5.63943943943944	9.71309983685582
5.64594594594595	9.72430633139584
5.65245245245245	9.73551282593586
5.65895895895896	9.74671932047588
5.66546546546547	9.7579258150159
5.67197197197197	9.76913230955592
5.67847847847848	9.78033880409594
5.68498498498499	9.79154529863596
5.69149149149149	9.80275179317598
5.697997997998	9.813958287716
5.7045045045045	9.82516478225602
5.71101101101101	9.83637127679604
5.71751751751752	9.84757777133606
5.72402402402402	9.85878426587608
5.73053053053053	9.8699907604161
5.73703703703704	9.88119725495612
5.74354354354354	9.89240374949614
5.75005005005005	9.90361024403616
5.75655655655656	9.91481673857618
5.76306306306306	9.9260232331162
5.76956956956957	9.93722972765622
5.77607607607608	9.94843622219624
5.78258258258258	9.95964271673625
5.78908908908909	9.97084921127628
5.7955955955956	9.9820557058163
5.8021021021021	9.99326220035631
5.80860860860861	10.0044686948963
5.81511511511512	10.0156751894364
5.82162162162162	10.0268816839764
5.82812812812813	10.0380881785164
5.83463463463463	10.0492946730564
5.84114114114114	10.0605011675964
5.84764764764765	10.0717076621365
5.85415415415415	10.0829141566765
5.86066066066066	10.0941206512165
5.86716716716717	10.1053271457565
5.87367367367367	10.1165336402965
5.88018018018018	10.1277401348366
5.88668668668669	10.1389466293766
5.89319319319319	10.1501531239166
5.8996996996997	10.1613596184566
5.90620620620621	10.1725661129966
5.91271271271271	10.1837726075367
5.91921921921922	10.1949791020767
5.92572572572573	10.2061855966167
5.93223223223223	10.2173920911567
5.93873873873874	10.2285985856967
5.94524524524525	10.2398050802367
5.95175175175175	10.2510115747768
5.95825825825826	10.2622180693168
5.96476476476477	10.2734245638568
5.97127127127127	10.2846310583968
5.97777777777778	10.2958375529368
5.98428428428428	10.3070440474769
5.99079079079079	10.3182505420169
5.9972972972973	10.3294570365569
6.0038038038038	10.3406635310969
6.01031031031031	10.3518700256369
6.01681681681682	10.363076520177
6.02332332332332	10.374283014717
6.02982982982983	10.385489509257
6.03633633633634	10.396696003797
6.04284284284284	10.407902498337
6.04934934934935	10.4191089928771
6.05585585585586	10.4303154874171
6.06236236236236	10.4415219819571
6.06886886886887	10.4527284764971
6.07537537537538	10.4639349710371
6.08188188188188	10.4751414655772
6.08838838838839	10.4863479601172
6.0948948948949	10.4975544546572
6.1014014014014	10.5087609491972
6.10790790790791	10.5199674437372
6.11441441441441	10.5311739382773
6.12092092092092	10.5423804328173
6.12742742742743	10.5535869273573
6.13393393393393	10.5647934218973
6.14044044044044	10.5759999164373
6.14694694694695	10.5872064109774
6.15345345345345	10.5984129055174
6.15995995995996	10.6096194000574
6.16646646646647	10.6208258945974
6.17297297297297	10.6320323891374
6.17947947947948	10.6432388836775
6.18598598598599	10.6544453782175
6.19249249249249	10.6656518727575
6.198998998999	10.6768583672975
6.20550550550551	10.6880648618375
6.21201201201201	10.6992713563776
6.21851851851852	10.7104778509176
6.22502502502503	10.7216843454576
6.23153153153153	10.7328908399976
6.23803803803804	10.7440973345376
6.24454454454454	10.7553038290777
6.25105105105105	10.7665103236177
6.25755755755756	10.7777168181577
6.26406406406406	10.7889233126977
6.27057057057057	10.8001298072377
6.27707707707708	10.8113363017778
6.28358358358358	10.8225427963178
6.29009009009009	10.8337492908578
6.2965965965966	10.8449557853978
6.3031031031031	10.8561622799378
6.30960960960961	10.8673687744779
6.31611611611612	10.8785752690179
6.32262262262262	10.8897817635579
6.32912912912913	10.9009882580979
6.33563563563564	10.9121947526379
6.34214214214214	10.9234012471779
6.34864864864865	10.934607741718
6.35515515515516	10.945814236258
6.36166166166166	10.957020730798
6.36816816816817	10.968227225338
6.37467467467468	10.979433719878
6.38118118118118	10.9906402144181
6.38768768768769	11.0018467089581
6.39419419419419	11.0130532034981
6.4007007007007	11.0242596980381
6.40720720720721	11.0354661925781
6.41371371371371	11.0466726871182
6.42022022022022	11.0578791816582
6.42672672672673	11.0690856761982
6.43323323323323	11.0802921707382
6.43973973973974	11.0914986652782
6.44624624624625	11.1027051598183
6.45275275275275	11.1139116543583
6.45925925925926	11.1251181488983
6.46576576576577	11.1363246434383
6.47227227227227	11.1475311379783
6.47877877877878	11.1587376325184
6.48528528528529	11.1699441270584
6.49179179179179	11.1811506215984
6.4982982982983	11.1923571161384
6.50480480480481	11.2035636106784
6.51131131131131	11.2147701052185
6.51781781781782	11.2259765997585
6.52432432432432	11.2371830942985
6.53083083083083	11.2483895888385
6.53733733733734	11.2595960833785
6.54384384384384	11.2708025779186
6.55035035035035	11.2820090724586
6.55685685685686	11.2932155669986
6.56336336336336	11.3044220615386
6.56986986986987	11.3156285560786
6.57637637637638	11.3268350506187
6.58288288288288	11.3380415451587
6.58938938938939	11.3492480396987
6.5958958958959	11.3604545342387
6.6024024024024	11.3716610287787
6.60890890890891	11.3828675233188
6.61541541541542	11.3940740178588
6.62192192192192	11.4052805123988
6.62842842842843	11.4164870069388
6.63493493493494	11.4276935014788
6.64144144144144	11.4388999960189
6.64794794794795	11.4501064905589
6.65445445445445	11.4613129850989
6.66096096096096	11.4725194796389
6.66746746746747	11.4837259741789
6.67397397397397	11.494932468719
6.68048048048048	11.506138963259
6.68698698698699	11.517345457799
6.69349349349349	11.528551952339
6.7	11.539758446879
