-60	2.2E-12	6E-13	1.9E-12	5.2771E-9	5.822E-10	2.063E-10	1.35E-11	3.9E-12	1.5E-12
-59	2.4E-12	3E-12	3.1E-12	5.6707E-9	6.4E-10	2.216E-10	1.37E-11	6.7E-12	3.3E-12
-58	2.5E-12	3.4E-12	3.3E-12	6.1945E-9	7.09E-10	2.355E-10	1.38E-11	7.2E-12	3.8E-12
-57	2.4E-12	3.5E-12	3.5E-12	6.7132E-9	7.753E-10	2.487E-10	1.38E-11	6.9E-12	4.8E-12
-56	3.1E-12	3.5E-12	4.1E-12	7.3486E-9	8.478E-10	2.631E-10	1.38E-11	7.1E-12	5.1E-12
-55	5.1E-12	3.9E-12	4.7E-12	8.0105E-9	9.231E-10	2.807E-10	1.3E-11	7.2E-12	4.8E-12
-54	8.4E-12	6.2E-12	5.8E-12	8.8289E-9	9.996E-10	2.989E-10	1.3E-11	7.1E-12	5.3E-12
-53	1.7E-11	8.5E-12	6.5E-12	9.6071E-9	1.0956E-9	3.166E-10	1.32E-11	7.5E-12	5.6E-12
-52	3.02E-11	9.6E-12	7.5E-12	1.05108E-8	1.2082E-9	3.335E-10	1.32E-11	7E-12	5.7E-12
-51	5.07E-11	1.55E-11	9.9E-12	1.16223E-8	1.3274E-9	3.564E-10	1.25E-11	7.1E-12	6E-12
-50	8.29E-11	2.61E-11	1.78E-11	1.27881E-8	1.4347E-9	3.8E-10	1.23E-11	6.7E-12	5.9E-12
-49	1.298E-10	4.21E-11	3.17E-11	1.42257E-8	1.5679E-9	4.056E-10	1.17E-11	6.9E-12	6E-12
-48	1.919E-10	6.55E-11	5.63E-11	1.58655E-8	1.7116E-9	4.332E-10	1.24E-11	7E-12	5.8E-12
-47	2.65E-10	9.9E-11	9.09E-11	1.75593E-8	1.8793E-9	4.622E-10	1.29E-11	7.2E-12	6.4E-12
-46	3.575E-10	1.422E-10	1.368E-10	1.96059E-8	2.0731E-9	4.981E-10	1.25E-11	7.4E-12	6.4E-12
-45	4.773E-10	2.058E-10	2.011E-10	2.21115E-8	2.286E-9	5.332E-10	1.24E-11	7.8E-12	6.6E-12
-44	6.148E-10	2.907E-10	2.796E-10	2.48415E-8	2.5127E-9	5.702E-10	1.28E-11	7.8E-12	5.9E-12
-43	7.896E-10	4.063E-10	3.742E-10	2.77427E-8	2.7559E-9	6.055E-10	1.31E-11	7.9E-12	6.1E-12
-42	1.0078E-9	5.38E-10	4.97E-10	3.14029E-8	3.0654E-9	6.522E-10	1.34E-11	7.6E-12	6.6E-12
-41	1.2745E-9	7.317E-10	6.495E-10	3.54238E-8	3.378E-9	7.078E-10	1.31E-11	7.7E-12	6.4E-12
-40	1.602E-9	9.706E-10	8.256E-10	3.95395E-8	3.7552E-9	7.618E-10	1.24E-11	7.4E-12	6.1E-12
-39	1.989E-9	1.2532E-9	1.0397E-9	4.5197E-8	4.1251E-9	8.282E-10	1.3E-11	7.7E-12	6.1E-12
-38	2.4658E-9	1.6445E-9	1.3373E-9	5.09215E-8	4.57E-9	8.911E-10	1.33E-11	7.9E-12	6.3E-12
-37	3.0191E-9	2.1014E-9	1.6771E-9	5.85073E-8	5.0917E-9	9.622E-10	1.27E-11	3.3E-12	6.8E-12
-36	3.7146E-9	2.6361E-9	2.0928E-9	6.57162E-8	5.7216E-9	1.0331E-9	1.24E-11	7.8E-12	6.4E-12
-35	4.5531E-9	3.3198E-9	2.6607E-9	7.48835E-8	6.353E-9	1.1178E-9	1.24E-11	8.2E-12	6.3E-12
-34	5.6E-9	4.1656E-9	3.2685E-9	8.45917E-8	7.1192E-9	1.2112E-9	1.28E-11	8.1E-12	6.4E-12
-33	6.8912E-9	5.1378E-9	3.9299E-9	9.58197E-8	7.9171E-9	1.3037E-9	1.3E-11	8E-12	7.1E-12
-32	8.3281E-9	6.3966E-9	4.8574E-9	1.09759E-7	8.9454E-9	1.4094E-9	1.26E-11	8.2E-12	7.1E-12
-31	1.01942E-8	7.9233E-9	5.8803E-9	1.24354E-7	1.00075E-8	1.5192E-9	1.23E-11	7.7E-12	6.9E-12
-30	1.23886E-8	9.8588E-9	7.3009E-9	1.4038E-7	1.13151E-8	1.663E-9	1.26E-11	7.9E-12	6.4E-12
-29	1.49902E-8	1.223E-8	9.1139E-9	1.59413E-7	1.27363E-8	1.7925E-9	1.28E-11	8E-12	7.2E-12
-28	1.82779E-8	1.48955E-8	1.12913E-8	1.81907E-7	1.4276E-8	1.9213E-9	1.25E-11	8.1E-12	7.4E-12
-27	2.21506E-8	1.82218E-8	1.35774E-8	2.05258E-7	1.61121E-8	2.0902E-9	1.2E-11	8.2E-12	7.3E-12
-26	2.68297E-8	2.22679E-8	1.67878E-8	2.30381E-7	1.82572E-8	2.2533E-9	1.21E-11	7.6E-12	6.8E-12
-25	3.26323E-8	2.7276E-8	2.04564E-8	2.6182E-7	2.08476E-8	2.4296E-9	1.23E-11	7.9E-12	6.5E-12
-24	3.95211E-8	3.26849E-8	2.48842E-8	2.96275E-7	2.36477E-8	2.6185E-9	1.26E-11	8.1E-12	7.6E-12
-23	4.76553E-8	4.06454E-8	3.03697E-8	3.35196E-7	2.64806E-8	2.835E-9	1.28E-11	8.1E-12	7.5E-12
-22	5.72478E-8	4.90561E-8	3.67014E-8	3.81306E-7	3.03068E-8	3.0749E-9	1.24E-11	8.2E-12	7.5E-12
-21	6.78051E-8	5.85806E-8	4.27191E-8	4.25503E-7	3.43196E-8	3.3008E-9	1.22E-11	6.9E-12	7.1E-12
-20	8.24498E-8	7.11595E-8	5.06785E-8	4.78316E-7	3.89713E-8	3.5631E-9	1.25E-11	8E-12	6.6E-12
-19	9.76927E-8	8.46806E-8	5.96204E-8	5.40327E-7	4.4333E-8	3.8503E-9	1.29E-11	8.6E-12	6.9E-12
-18	1.16293E-7	1.004326E-7	7.18401E-8	6.08158E-7	5.01884E-8	4.1805E-9	1.27E-11	8.5E-12	7.2E-12
-17	1.39235E-7	1.2251E-7	8.63145E-8	6.73021E-7	5.73264E-8	4.5312E-9	1.23E-11	8.5E-12	6.9E-12
-16	1.63203E-7	1.46705E-7	1.02693E-7	7.53952E-7	6.51679E-8	4.8285E-9	1.29E-11	8.3E-12	6.8E-12
-15	1.9326E-7	1.77324E-7	1.24579E-7	8.50221E-7	7.36055E-8	5.2401E-9	1.36E-11	8.5E-12	7.2E-12
-14	2.27992E-7	2.10748E-7	1.45461E-7	9.4807E-7	8.39264E-8	5.7101E-9	1.42E-11	8.8E-12	7.3E-12
-13	2.68774E-7	2.53276E-7	1.69317E-7	1.06662E-6	9.5438E-8	6.1564E-9	1.38E-11	9.3E-12	7.1E-12
-12	3.12879E-7	2.99222E-7	2.02428E-7	1.18955E-6	1.08241E-7	6.699E-9	1.38E-11	9.5E-12	7.3E-12
-11	3.64094E-7	3.50299E-7	2.40776E-7	1.32442E-6	1.23086E-7	7.1999E-9	1.46E-11	9.3E-12	7.1E-12
-10	4.26056E-7	4.14387E-7	2.81705E-7	1.46281E-6	1.39149E-7	7.7087E-9	1.57E-11	9.7E-12	7.1E-12
-9	4.93499E-7	4.89158E-7	3.26594E-7	1.61737E-6	1.5696E-7	8.2347E-9	1.62E-11	9.6E-12	7.4E-12
-8	5.75436E-7	5.57552E-7	3.78944E-7	1.79247E-6	1.77555E-7	8.8472E-9	1.59E-11	1.02E-11	7.6E-12
-7	6.61416E-7	6.56638E-7	4.45929E-7	1.98197E-6	1.99379E-7	9.5232E-9	1.66E-11	1.03E-11	7.6E-12
-6	7.64205E-7	7.54626E-7	5.12382E-7	2.18521E-6	2.2516E-7	1.02114E-8	1.79E-11	1.04E-11	7.8E-12
-5	8.79388E-7	8.79218E-7	5.92465E-7	2.38314E-6	2.53329E-7	1.08682E-8	1.92E-11	1.08E-11	8.3E-12
-4	1.00833E-6	1.01403E-6	6.9212E-7	2.59745E-6	2.8371E-7	1.16012E-8	1.98E-11	1.13E-11	8.5E-12
-3	1.15729E-6	1.16726E-6	8.05887E-7	2.83414E-6	3.18944E-7	1.24267E-8	2.03E-11	1.38E-11	8.9E-12
-2	1.31561E-6	1.33218E-6	9.19516E-7	3.08263E-6	3.58095E-7	1.32901E-8	2.21E-11	1.28E-11	9.3E-12
-1	1.49855E-6	1.52421E-6	1.05096E-6	3.34977E-6	4.01815E-7	1.40929E-8	2.35E-11	1.35E-11	9.8E-12
0	1.69393E-6	1.72647E-6	1.20252E-6	3.62238E-6	4.47126E-7	1.5047E-8	2.62E-11	1.42E-11	1.05E-11
1	1.91437E-6	1.95453E-6	1.356E-6	3.91494E-6	4.99262E-7	1.5998E-8	2.77E-11	1.53E-11	1.14E-11
2	2.15011E-6	2.21404E-6	1.52039E-6	4.22188E-6	5.56156E-7	1.69442E-8	2.91E-11	1.62E-11	1.21E-11
3	2.40157E-6	2.47593E-6	1.71743E-6	4.53034E-6	6.20119E-7	1.80152E-8	3.21E-11	1.78E-11	1.35E-11
4	2.68631E-6	2.77752E-6	1.93049E-6	4.88656E-6	6.86756E-7	1.88629E-8	3.51E-11	1.88E-11	1.45E-11
5	3.03116E-6	3.11004E-6	2.15693E-6	5.25289E-6	7.64836E-7	2.00671E-8	3.86E-11	2.07E-11	1.63E-11
6	3.37095E-6	3.47004E-6	2.40344E-6	5.59638E-6	8.41744E-7	2.14227E-8	4.23E-11	2.27E-11	1.82E-11
7	3.74197E-6	3.83584E-6	2.66202E-6	5.96982E-6	9.27588E-7	2.27627E-8	4.61E-11	2.51E-11	2.05E-11
8	4.13579E-6	4.257E-6	2.94319E-6	6.34028E-6	1.01583E-6	2.43783E-8	5.16E-11	2.7E-11	2.3E-11
9	4.6014E-6	4.65701E-6	3.25775E-6	6.74596E-6	1.11973E-6	2.5703E-8	5.81E-11	3.01E-11	2.63E-11
10	5.07779E-6	5.0954E-6	3.57655E-6	7.12848E-6	1.21971E-6	2.73012E-8	6.55E-11	3.31E-11	3.06E-11
11	5.55029E-6	5.56892E-6	3.92451E-6	7.56584E-6	1.3333E-6	2.86841E-8	7.34E-11	3.72E-11	3.52E-11
12	6.05543E-6	6.06551E-6	4.25732E-6	7.9474E-6	1.44959E-6	3.03686E-8	8.37E-11	4.15E-11	4.04E-11
13	6.60138E-6	6.58617E-6	4.64264E-6	8.33637E-6	1.57969E-6	3.22411E-8	9.53E-11	4.68E-11	4.81E-11
14	7.15669E-6	7.14232E-6	5.05359E-6	8.76046E-6	1.71578E-6	3.43339E-8	1.091E-10	5.31E-11	5.56E-11
15	7.75321E-6	7.68833E-6	5.47133E-6	9.2115E-6	1.85198E-6	3.62945E-8	1.243E-10	6.06E-11	6.53E-11
16	8.3907E-6	8.28979E-6	5.90989E-6	9.6717E-6	2.00586E-6	3.84045E-8	1.418E-10	6.89E-11	7.76E-11
17	9.0564E-6	8.88978E-6	6.36282E-6	1.012685E-5	2.16274E-6	4.01609E-8	1.645E-10	7.88E-11	9.05E-11
18	9.68005E-6	9.5178E-6	6.82928E-6	1.05509E-5	2.32547E-6	4.31747E-8	1.875E-10	8.98E-11	1.073E-10
19	1.035319E-5	1.016953E-5	7.30805E-6	1.10257E-5	2.48988E-6	4.53449E-8	2.177E-10	1.035E-10	1.246E-10
20	1.10473E-5	1.08303E-5	7.80212E-6	1.15095E-5	2.6646E-6	4.81125E-8	2.516E-10	1.203E-10	1.489E-10
21	1.18023E-5	1.14754E-5	8.31975E-6	1.19947E-5	2.84693E-6	5.15085E-8	2.915E-10	1.397E-10	1.753E-10
22	1.2559E-5	1.21443E-5	8.86497E-6	1.24743E-5	3.04796E-6	5.46036E-8	3.355E-10	1.627E-10	2.087E-10
23	1.32986E-5	1.28653E-5	9.41054E-6	1.29797E-5	3.24403E-6	5.74496E-8	3.856E-10	1.895E-10	2.5E-10
24	1.40413E-5	1.35683E-5	9.96432E-6	1.3472E-5	3.44324E-6	6.1555E-8	4.47E-10	2.216E-10	2.966E-10
25	1.47917E-5	1.42988E-5	1.05339E-5	1.39491E-5	3.6498E-6	6.61665E-8	5.188E-10	2.582E-10	3.646E-10
26	1.55738E-5	1.50175E-5	1.11142E-5	1.44231E-5	3.86241E-6	7.08194E-8	6.043E-10	3.029E-10	4.155E-10
27	1.63563E-5	1.57555E-5	1.17347E-5	1.48985E-5	4.09523E-6	7.49016E-8	7.057E-10	3.546E-10	4.827E-10
28	1.71799E-5	1.64832E-5	1.2329E-5	1.5403E-5	4.31679E-6	7.949E-8	8.213E-10	4.141E-10	5.78E-10
29	1.79887E-5	1.7256E-5	1.29229E-5	1.59192E-5	4.55958E-6	8.40752E-8	9.577E-10	4.843E-10	6.909E-10
30	1.87997E-5	1.80042E-5	1.35426E-5	1.64264E-5	4.81308E-6	8.96904E-8	1.1171E-9	5.649E-10	8.084E-10
31	1.96115E-5	1.87646E-5	1.41584E-5	1.69523E-5	5.06478E-6	9.60089E-8	1.3054E-9	6.678E-10	9.738E-10
32	2.04453E-5	1.95461E-5	1.48034E-5	1.74781E-5	5.31915E-6	1.022503E-7	1.5319E-9	7.847E-10	1.1429E-9
33	2.12677E-5	2.03141E-5	1.5427E-5	1.79789E-5	5.58971E-6	1.08671E-7	1.7886E-9	9.223E-10	1.3594E-9
34	2.21068E-5	2.10633E-5	1.6072E-5	1.84913E-5	5.86527E-6	1.16346E-7	2.0796E-9	1.0915E-9	1.5905E-9
35	2.29751E-5	2.18367E-5	1.67074E-5	1.90337E-5	6.13712E-6	1.23603E-7	2.4377E-9	1.2885E-9	1.8916E-9
36	2.37875E-5	2.26231E-5	1.73547E-5	1.95438E-5	6.4311E-6	1.3202E-7	2.8528E-9	1.535E-9	2.2317E-9
37	2.46498E-5	2.34022E-5	1.80127E-5	2.00626E-5	6.72601E-6	1.41249E-7	3.3152E-9	1.81E-9	2.6948E-9
38	2.5475E-5	2.41382E-5	1.86753E-5	2.06001E-5	7.02923E-6	1.49579E-7	3.8582E-9	2.0318E-9	3.1468E-9
39	2.6315E-5	2.49227E-5	1.93549E-5	2.11306E-5	7.3309E-6	1.59292E-7	4.5072E-9	2.2966E-9	3.7317E-9
40	2.70973E-5	2.57109E-5	2.00001E-5	2.16425E-5	7.64249E-6	1.70704E-7	5.2602E-9	2.6864E-9	4.3573E-9
41	2.79383E-5	2.64771E-5	2.06316E-5	2.218E-5	7.97036E-6	1.83382E-7	6.1009E-9	3.1919E-9	5.1373E-9
42	2.87742E-5	2.72339E-5	2.12899E-5	2.26936E-5	8.29055E-6	1.95833E-7	7.1051E-9	3.7708E-9	6.0419E-9
43	2.96055E-5	2.79949E-5	2.1973E-5	2.3235E-5	8.62022E-6	2.11014E-7	8.2963E-9	4.4254E-9	7.2827E-9
44	3.04042E-5	2.87906E-5	2.26411E-5	2.37688E-5	8.96511E-6	2.26327E-7	9.6391E-9	5.1983E-9	8.5264E-9
45	3.11794E-5	2.95434E-5	2.3306E-5	2.42882E-5	9.31397E-6	2.42617E-7	1.1164E-8	6.1214E-9	9.9686E-9
46	3.2032E-5	3.02691E-5	2.39582E-5	2.48421E-5	9.66392E-6	2.58108E-7	1.29537E-8	7.0961E-9	1.1354E-8
47	3.28525E-5	3.10477E-5	2.45787E-5	2.53618E-5	1.001366E-5	2.79636E-7	1.50755E-8	8.306E-9	1.33579E-8
48	3.36213E-5	3.17634E-5	2.52361E-5	2.59181E-5	1.036455E-5	2.98319E-7	1.74387E-8	9.7514E-9	1.55499E-8
49	3.43709E-5	3.24918E-5	2.58989E-5	2.64622E-5	1.07304E-5	3.21682E-7	2.01768E-8	1.13808E-8	1.79216E-8
50	3.51383E-5	3.32406E-5	2.656E-5	2.70091E-5	1.11012E-5	3.44744E-7	2.32112E-8	1.32755E-8	2.05363E-8
51	3.60118E-5	3.39466E-5	2.72119E-5	2.75507E-5	1.14801E-5	3.70548E-7	2.68779E-8	1.56887E-8	2.38268E-8
52	3.67492E-5	3.46846E-5	2.78423E-5	2.80839E-5	1.18699E-5	3.98629E-7	3.09351E-8	1.82858E-8	2.77569E-8
53	3.75047E-5	3.53783E-5	2.84906E-5	2.86425E-5	1.22621E-5	4.2838E-7	3.5625E-8	2.11839E-8	3.23899E-8
54	3.82735E-5	3.60915E-5	2.91264E-5	2.91374E-5	1.26442E-5	4.5922E-7	4.10545E-8	2.45902E-8	3.71488E-8
55	3.90232E-5	3.67915E-5	2.97553E-5	2.96687E-5	1.30262E-5	4.92118E-7	4.70329E-8	2.86156E-8	4.21512E-8
56	3.98353E-5	3.74929E-5	3.03904E-5	3.02105E-5	1.34244E-5	5.28355E-7	5.38479E-8	3.31335E-8	4.89514E-8
57	4.05429E-5	3.81606E-5	3.10312E-5	3.07272E-5	1.38118E-5	5.63725E-7	6.16607E-8	3.80802E-8	5.76163E-8
58	4.12466E-5	3.8878E-5	3.1663E-5	3.12537E-5	1.42259E-5	6.04565E-7	7.02518E-8	4.41968E-8	6.44698E-8
59	4.19753E-5	3.95437E-5	3.23103E-5	3.17649E-5	1.46274E-5	6.51229E-7	7.98148E-8	5.03718E-8	7.27475E-8
60	4.27218E-5	4.02241E-5	3.29338E-5	3.23031E-5	1.50278E-5	6.95071E-7	9.0566E-8	5.73542E-8	8.29184E-8
