1	8.68414E-7	9.74723E-7	8.61532E-7	2.23057E-6	2.48609E-7	8.9109E-9	1.111E-11	4.59E-12	2.332E-11
0.98	8.29806E-7	9.29761E-7	8.37156E-7	2.12273E-6	2.40012E-7	8.7642E-9	9.7E-12	4.16E-12	2.254E-11
0.96	8.05305E-7	8.98422E-7	8.04443E-7	2.0558E-6	2.30553E-7	8.5196E-9	1.036E-11	3.95E-12	2.208E-11
0.939999	7.75979E-7	8.5882E-7	7.75323E-7	1.95608E-6	2.22728E-7	8.3899E-9	9.59E-12	3.6E-12	2.129E-11
0.92	7.45654E-7	8.23429E-7	7.52258E-7	1.87464E-6	2.1445E-7	8.166E-9	9.8E-12	3.58E-12	2.072E-11
0.899999	7.03818E-7	8.16643E-7	7.13823E-7	1.78689E-6	2.06873E-7	8.0185E-9	8.87E-12	3.3E-12	2.033E-11
0.88	6.81051E-7	8.05721E-7	7.05128E-7	1.73069E-6	1.98569E-7	7.8205E-9	8.62E-12	2.93E-12	1.958E-11
0.86	6.63931E-7	7.75215E-7	6.8021E-7	1.64684E-6	1.90771E-7	7.6646E-9	8.97E-12	3.38E-12	1.902E-11
0.839999	6.21684E-7	7.01838E-7	6.4502E-7	1.56959E-6	1.83324E-7	7.488E-9	8.32E-12	2.75E-12	1.873E-11
0.82	5.90169E-7	6.65461E-7	6.21104E-7	1.5001E-6	1.77095E-7	7.3445E-9	8.41E-12	2.75E-12	1.811E-11
0.799999	5.72338E-7	6.90986E-7	6.05689E-7	1.43842E-6	1.70568E-7	7.187E-9	7.82E-12	2.6E-12	1.745E-11
0.779999	5.39777E-7	6.6893E-7	5.78426E-7	1.3667E-6	1.63422E-7	7.0253E-9	7.36E-12	2.29E-12	1.725E-11
0.76	5.17933E-7	6.35445E-7	5.56123E-7	1.2919E-6	1.56769E-7	6.856E-9	7.08E-12	2.54E-12	1.677E-11
0.74	4.88955E-7	6.0883E-7	5.31674E-7	1.23379E-6	1.49354E-7	6.6364E-9	6.53E-12	2.25E-12	1.626E-11
0.72	4.74593E-7	5.78306E-7	5.08716E-7	1.16664E-6	1.42541E-7	6.3888E-9	6.42E-12	2.17E-12	1.598E-11
0.7	4.46114E-7	5.53769E-7	4.94777E-7	1.11878E-6	1.36631E-7	6.2028E-9	6.26E-12	2.14E-12	1.614E-11
0.68	4.28639E-7	5.32522E-7	4.79586E-7	1.05796E-6	1.30814E-7	6.0844E-9	5.82E-12	2.19E-12	1.527E-11
0.66	4.07417E-7	5.05401E-7	4.55881E-7	9.9776E-7	1.24683E-7	5.9211E-9	5.91E-12	2.29E-12	1.45E-11
0.64	3.89688E-7	4.75284E-7	4.33688E-7	9.3719E-7	1.18907E-7	5.7251E-9	6.12E-12	2.16E-12	1.408E-11
0.62	3.70396E-7	4.57971E-7	4.10388E-7	8.9278E-7	1.12477E-7	5.5257E-9	5.88E-12	1.54E-12	1.351E-11
0.6	3.45965E-7	4.36887E-7	3.9553E-7	8.36978E-7	1.06539E-7	5.3462E-9	5.26E-12	8.6E-13	1.284E-11
0.58	3.29197E-7	4.19496E-7	3.78039E-7	7.88333E-7	1.0212E-7	5.216E-9	5.07E-12	1.06E-12	1.248E-11
0.56	3.08274E-7	3.99226E-7	3.64554E-7	7.41431E-7	9.7439E-8	5.0167E-9	4.99E-12	7.1E-13	1.198E-11
0.54	2.89791E-7	3.82098E-7	3.41044E-7	6.90019E-7	9.1924E-8	4.8333E-9	4.44E-12	7.1E-13	1.149E-11
0.52	2.70945E-7	3.57486E-7	3.20909E-7	6.47387E-7	8.67951E-8	4.6506E-9	4E-12	5.2E-13	1.085E-11
0.5	2.52775E-7	3.38091E-7	3.00931E-7	6.10938E-7	8.13765E-8	4.4246E-9	3.91E-12	4.7E-13	1.039E-11
0.48	2.39174E-7	3.20697E-7	2.87709E-7	5.74365E-7	7.70276E-8	4.2889E-9	4.03E-12	4.3E-13	9.67E-12
0.46	2.27017E-7	2.94453E-7	2.6824E-7	5.38481E-7	7.20897E-8	4.1099E-9	4.04E-12	2.7E-13	9.49E-12
0.44	2.11624E-7	2.826E-7	2.47462E-7	5.03776E-7	6.80897E-8	3.9584E-9	4.83E-12	1.8E-13	8.71E-12
0.42	1.9705E-7	2.66986E-7	2.37136E-7	4.62707E-7	6.38132E-8	3.7679E-9	2.24E-12	2.2E-13	8.56E-12
0.4	1.83465E-7	2.43811E-7	2.20468E-7	4.35112E-7	5.96933E-8	3.5497E-9	1.42E-12	1E-13	8.39E-12
0.38	1.73269E-7	2.28628E-7	2.08716E-7	4.02184E-7	5.5709E-8	3.4148E-9	2.16E-12	0	7.59E-12
0.36	1.59827E-7	2.12873E-7	1.92409E-7	3.691E-7	5.24653E-8	3.2584E-9	1.42E-12	-1.2E-13	7.28E-12
0.34	1.49149E-7	1.99436E-7	1.82209E-7	3.45736E-7	4.86457E-8	3.0682E-9	1.86E-12	-2.1E-13	6.96E-12
0.32	1.37287E-7	1.83456E-7	1.68571E-7	3.15265E-7	4.53493E-8	2.9141E-9	1.37E-12	-3.7E-13	6.58E-12
0.3	1.27935E-7	1.68793E-7	1.5367E-7	2.88008E-7	4.21936E-8	2.715E-9	1.23E-12	-5.7E-13	5.97E-12
0.28	1.17528E-7	1.58169E-7	1.40062E-7	2.61804E-7	3.87079E-8	2.5307E-9	1.25E-12	-6.2E-13	5.51E-12
0.259999	1.0756E-7	1.43248E-7	1.31513E-7	2.39181E-7	3.58133E-8	2.3531E-9	8E-13	-5.8E-13	4.99E-12
0.24	9.7765E-8	1.30619E-7	1.15058E-7	2.1652E-7	3.27379E-8	2.1693E-9	1.29E-12	-8E-13	4.49E-12
0.22	8.9012E-8	1.19184E-7	1.03223E-7	1.92982E-7	2.93773E-8	1.9928E-9	6.5E-13	-1.19E-12	3.82E-12
0.2000001	8.07845E-8	1.0577E-7	9.373E-8	1.72156E-7	2.66697E-8	1.8176E-9	2.8E-13	-1.67E-12	3.03E-12
0.18	6.93943E-8	9.3015E-8	8.2857E-8	1.55458E-7	2.4236E-8	1.6254E-9	1.9E-13	-1.46E-12	2.54E-12
0.1600002	6.14748E-8	8.23658E-8	7.19632E-8	1.37723E-7	2.1783E-8	1.4417E-9	-3E-14	-1.63E-12	1.76E-12
0.1400001	5.39883E-8	7.17796E-8	6.23263E-8	1.18566E-7	1.89638E-8	1.2577E-9	-7.1E-13	-1.79E-12	1.12E-12
0.1200002	4.60616E-8	6.05517E-8	5.33498E-8	1.03233E-7	1.64177E-8	1.0749E-9	-1.18E-12	-1.65E-12	8.7E-13
0.1000002	3.86979E-8	4.72375E-8	4.44789E-8	8.5867E-8	1.39733E-8	8.919E-10	-7.4E-13	-1.94E-12	5.7E-13
0.0800001	3.2051E-8	3.97569E-8	3.57889E-8	7.04576E-8	1.14044E-8	7.083E-10	-1.42E-12	-1.89E-12	-1.2E-13
0.0599999	2.44718E-8	3.05714E-8	2.70009E-8	5.46508E-8	8.737E-9	5.325E-10	-1.24E-12	-2.44E-12	-3.7E-13
0.04	1.66218E-8	2.0651E-8	1.83117E-8	3.68959E-8	5.9993E-9	3.551E-10	-1.31E-12	-2.13E-12	-7.2E-13
0.02	8.6095E-9	1.06015E-8	9.1171E-9	1.91639E-8	3.1192E-9	1.766E-10	-1.39E-12	-2.52E-12	-1.22E-12
-3E-7	-2.24E-11	-7.3E-12	5E-12	-1.396E-10	-1.41E-11	-3.4E-12	-1.32E-12	-1.95E-12	-1.87E-12
-0.0200004	-9.3253E-9	-1.127E-8	-9.3576E-9	-2.07999E-8	-3.3709E-9	-1.869E-10	-1.52E-12	-1.99E-12	-2.38E-12
-0.0399999	-1.90834E-8	-2.29451E-8	-1.89933E-8	-4.33183E-8	-7.0177E-9	-3.665E-10	-2.36E-12	-2.72E-12	-3E-12
-0.0600001	-2.9681E-8	-3.42992E-8	-2.9071E-8	-6.80097E-8	-1.08798E-8	-5.48E-10	-2.06E-12	-1.99E-12	-3.32E-12
-0.08	-4.09027E-8	-4.78965E-8	-3.91525E-8	-9.51005E-8	-1.49985E-8	-7.271E-10	-2.7E-12	-1.9E-12	-4.09E-12
-0.0999998	-5.21496E-8	-6.01174E-8	-5.01251E-8	-1.23645E-7	-1.94783E-8	-9.133E-10	-2.85E-12	-2.27E-12	-4.37E-12
-0.1200002	-6.38538E-8	-7.39854E-8	-6.05745E-8	-1.55382E-7	-2.40495E-8	-1.0983E-9	-3.2E-12	-2.35E-12	-5.47E-12
-0.1400002	-7.57155E-8	-8.92809E-8	-7.22299E-8	-1.88842E-7	-2.85439E-8	-1.2854E-9	-4.38E-12	-2.45E-12	-6.06E-12
-0.16	-8.87882E-8	-1.02587E-7	-8.43505E-8	-2.22035E-7	-3.35946E-8	-1.4702E-9	-4.24E-12	-2.68E-12	-6.28E-12
-0.1799999	-1.020594E-7	-1.19719E-7	-9.63333E-8	-2.58306E-7	-3.85123E-8	-1.6585E-9	-3.88E-12	-2.76E-12	-6.32E-12
-0.1999999	-1.16178E-7	-1.35143E-7	-1.08625E-7	-2.97331E-7	-4.37333E-8	-1.8437E-9	-4.66E-12	-2.9E-12	-6.61E-12
-0.22	-1.29605E-7	-1.5232E-7	-1.21426E-7	-3.36058E-7	-4.8688E-8	-2.0439E-9	-5.23E-12	-2.91E-12	-6.95E-12
-0.24	-1.44598E-7	-1.69646E-7	-1.34677E-7	-3.76624E-7	-5.42741E-8	-2.2075E-9	-4.76E-12	-3.15E-12	-7.46E-12
-0.26	-1.59903E-7	-1.87055E-7	-1.47882E-7	-4.17442E-7	-5.9861E-8	-2.3998E-9	-4.58E-12	-3.17E-12	-8.09E-12
-0.280001	-1.76998E-7	-2.05879E-7	-1.62019E-7	-4.60592E-7	-6.5752E-8	-2.5956E-9	-4.5E-12	-3.28E-12	-8.55E-12
-0.3	-1.92414E-7	-2.23905E-7	-1.77651E-7	-5.07046E-7	-7.11625E-8	-2.7723E-9	-4.92E-12	-3.26E-12	-9.23E-12
-0.32	-2.10309E-7	-2.43214E-7	-1.92094E-7	-5.55323E-7	-7.73511E-8	-2.9687E-9	-5.04E-12	-3.14E-12	-9.54E-12
-0.34	-2.29666E-7	-2.68738E-7	-2.1001E-7	-6.04061E-7	-8.31487E-8	-3.1662E-9	-6.15E-12	-3.04E-12	-8.29E-12
-0.36	-2.49081E-7	-2.91427E-7	-2.27254E-7	-6.55513E-7	-8.91293E-8	-3.3493E-9	-6.75E-12	-3.03E-12	-1.047E-11
-0.38	-2.66736E-7	-3.12717E-7	-2.46447E-7	-7.09872E-7	-9.53744E-8	-3.5138E-9	-6.85E-12	-3.22E-12	-1.173E-11
-0.4	-2.88884E-7	-3.36421E-7	-2.6248E-7	-7.66216E-7	-1.017433E-7	-3.7255E-9	-6.59E-12	-3E-12	-1.166E-11
-0.42	-3.10292E-7	-3.6504E-7	-2.81332E-7	-8.2391E-7	-1.08789E-7	-3.9339E-9	-5.38E-12	-3.43E-12	-1.19E-11
-0.44	-3.34405E-7	-3.86093E-7	-2.99312E-7	-8.82916E-7	-1.16205E-7	-4.1263E-9	-6.65E-12	-3.4E-12	-1.267E-11
-0.460001	-3.59073E-7	-4.13653E-7	-3.19727E-7	-9.45497E-7	-1.22884E-7	-4.3504E-9	-6.94E-12	-3.33E-12	-1.294E-11
-0.48	-3.84909E-7	-4.45975E-7	-3.3589E-7	-1.01681E-6	-1.29571E-7	-4.4952E-9	-6.85E-12	-3.63E-12	-1.359E-11
-0.5	-4.10865E-7	-4.76209E-7	-3.58465E-7	-1.07791E-6	-1.37719E-7	-4.7075E-9	-6.57E-12	-3.65E-12	-1.448E-11
-0.52	-4.38673E-7	-5.02953E-7	-3.83172E-7	-1.15407E-6	-1.45521E-7	-4.9305E-9	-7.1E-12	-3.89E-12	-1.463E-11
-0.54	-4.68373E-7	-5.37815E-7	-4.06588E-7	-1.22759E-6	-1.53921E-7	-5.0979E-9	-7.48E-12	-4.08E-12	-1.519E-11
-0.56	-5.00355E-7	-5.68713E-7	-4.29031E-7	-1.29747E-6	-1.61315E-7	-5.3495E-9	-7.52E-12	-4.02E-12	-1.559E-11
-0.58	-5.33687E-7	-6.02236E-7	-4.55007E-7	-1.38939E-6	-1.69076E-7	-5.5359E-9	-7.36E-12	-3.79E-12	-1.632E-11
-0.6	-5.6997E-7	-6.3547E-7	-4.75747E-7	-1.46709E-6	-1.77727E-7	-5.7304E-9	-7.98E-12	-4.12E-12	-1.69E-11
-0.62	-6.04195E-7	-6.72329E-7	-5.0312E-7	-1.54618E-6	-1.85644E-7	-5.8907E-9	-8.37E-12	-4.16E-12	-1.723E-11
-0.64	-6.40873E-7	-7.08732E-7	-5.31534E-7	-1.63589E-6	-1.95518E-7	-6.1196E-9	-8.25E-12	-3.91E-12	-1.785E-11
-0.66	-6.82159E-7	-7.41898E-7	-5.57362E-7	-1.72558E-6	-2.04403E-7	-6.3354E-9	-9.02E-12	-3.62E-12	-1.834E-11
-0.68	-7.21987E-7	-7.858E-7	-5.78445E-7	-1.815E-6	-2.12436E-7	-6.5454E-9	-8.55E-12	-4.66E-12	-1.92E-11
-0.700001	-7.64175E-7	-8.27253E-7	-6.04481E-7	-1.91051E-6	-2.2238E-7	-6.7776E-9	-8.94E-12	-4.74E-12	-1.991E-11
-0.72	-8.01323E-7	-8.66935E-7	-6.35183E-7	-2.00426E-6	-2.31844E-7	-7.006E-9	-9.75E-12	-5.24E-12	-2.036E-11
-0.74	-8.56725E-7	-9.08867E-7	-6.66621E-7	-2.08907E-6	-2.41815E-7	-7.1714E-9	-9.8E-12	-5.25E-12	-2.109E-11
-0.76	-9.01245E-7	-9.44461E-7	-6.99487E-7	-2.19655E-6	-2.50588E-7	-7.4047E-9	-1.039E-11	-5.53E-12	-2.151E-11
-0.78	-9.51137E-7	-9.90873E-7	-7.31941E-7	-2.30216E-6	-2.59948E-7	-7.616E-9	-1.046E-11	-5.87E-12	-2.217E-11
-0.8	-9.98174E-7	-1.04218E-6	-7.60026E-7	-2.40634E-6	-2.70456E-7	-7.8995E-9	-1.043E-11	-5.68E-12	-2.247E-11
-0.82	-1.04136E-6	-1.08331E-6	-7.9545E-7	-2.52121E-6	-2.80705E-7	-8.0717E-9	-1.099E-11	-5.86E-12	-2.249E-11
-0.84	-1.08483E-6	-1.12716E-6	-8.31098E-7	-2.61757E-6	-2.92068E-7	-8.1659E-9	-1.1E-11	-5.9E-12	-2.439E-11
-0.86	-1.1456E-6	-1.17174E-6	-8.63146E-7	-2.72589E-6	-3.01906E-7	-8.3914E-9	-1.105E-11	-5.97E-12	-2.485E-11
-0.880001	-1.20371E-6	-1.23518E-6	-8.91654E-7	-2.82817E-6	-3.13765E-7	-8.5977E-9	-1.145E-11	-6.19E-12	-2.561E-11
-0.9	-1.25999E-6	-1.27998E-6	-9.34372E-7	-2.93539E-6	-3.25006E-7	-8.853E-9	-1.139E-11	-6.35E-12	-2.62E-11
-0.92	-1.31403E-6	-1.34776E-6	-9.68998E-7	-3.06237E-6	-3.35203E-7	-9.0273E-9	-1.179E-11	-6.52E-12	-2.671E-11
-0.940001	-1.38124E-6	-1.39568E-6	-1.00258E-6	-3.16849E-6	-3.48086E-7	-9.1782E-9	-1.191E-11	-6.51E-12	-2.755E-11
-0.96	-1.43734E-6	-1.44134E-6	-1.03674E-6	-3.29215E-6	-3.5816E-7	-9.3273E-9	-1.258E-11	-6.83E-12	-2.771E-11
-0.98	-1.50397E-6	-1.49012E-6	-1.07629E-6	-3.41578E-6	-3.68725E-7	-9.6254E-9	-1.32E-11	-6.79E-12	-2.798E-11
-1	-1.57029E-6	-1.55759E-6	-1.1117E-6	-3.53523E-6	-3.81218E-7	-9.9034E-9	-1.366E-11	-6.78E-12	-2.895E-11
